# File generated by write_profile.py
# Date generated: 2025-10-05 22:01:48.198815
# Speices units: mole fraction [ppmv]
# Width of the first column: 6 characters
# Width of other columns: 13 characters
# Reference pressure for z = 0: 100000.0 Pa
# IDX       HGT[km]     PRE[bar]       TEM[K]          H2O          NH3          H2S       H2O(L)       NH3(S)     NH4SH(S) CPX[J,K,mol] ENS[J,K,mol]
200         168.538   0.00438255      84.1476  2.19983e-18  1.45115e-06  1.48078e-22            0            0            0      29.1006      269.863
199         165.538   0.00485681      84.1476  2.19983e-18  1.45115e-06  1.48078e-22            0            0            0      29.1006      269.009
198         162.538   0.00538238      84.1476  2.19983e-18  1.45115e-06  1.48078e-22            0            0            0      29.1006      268.154
197         159.538   0.00596483      84.1476  2.19983e-18  1.45115e-06  1.48078e-22            0            0            0      29.1006        267.3
196         156.538   0.00661031      84.1476  2.19983e-18  1.45115e-06  1.48078e-22            0            0            0      29.1006      266.446
195         153.538   0.00732563      84.1476  2.19983e-18  1.45115e-06  1.48078e-22            0            0            0      29.1006      265.591
194         150.538   0.00811837      84.1476  2.19983e-18  1.45115e-06  1.48078e-22            0            0            0      29.1006      264.737
193         147.538   0.00899689      84.1476  2.19983e-18  1.45115e-06  1.48078e-22            0            0            0      29.1006      263.883
192         144.538   0.00997048      84.1476  2.19983e-18  1.45115e-06  1.48078e-22            0            0            0      29.1006      263.028
191         141.538    0.0110494      84.1476  2.19983e-18  1.45115e-06  1.48078e-22            0            0            0      29.1006      262.174
190         138.538    0.0122451      84.1476  2.19983e-18  1.45115e-06  1.48078e-22            0            0            0      29.1006       261.32
189         135.538    0.0135702      84.1476  2.19983e-18  1.45115e-06  1.48078e-22            0            0            0      29.1006      260.465
188         132.538    0.0150387      84.1476  2.19983e-18  1.45115e-06  1.48078e-22            0            0            0      29.1006      259.611
187         129.538    0.0166661      84.1476  2.19983e-18  1.45115e-06  1.48078e-22            0            0            0      29.1006      258.757
186         126.538    0.0184696      84.1476  2.19983e-18  1.45115e-06  1.48078e-22            0            0            0      29.1006      257.903
185         123.538    0.0204683      84.1476  2.19983e-18  1.45115e-06  1.48078e-22            0            0            0      29.1006      257.048
184         120.538    0.0226833      84.1476  2.19983e-18  1.45115e-06  1.48078e-22            0            0            0      29.1006      256.194
183         117.538    0.0251379      84.1476  2.19983e-18  1.45115e-06  1.48078e-22            0            0            0      29.1006       255.34
182         114.538    0.0278582      84.1476  2.19983e-18  1.45115e-06  1.48078e-22            0            0            0      29.1006      254.485
181         111.538    0.0308728      84.1476  2.19983e-18  1.45115e-06  1.48078e-22            0            0            0      29.1006      253.631
180         108.538    0.0342137      84.1476  2.19983e-18  1.45115e-06  1.48078e-22            0            0            0      29.1006      252.777
179         105.538    0.0379161      84.1476  2.19983e-18  1.45115e-06  1.48078e-22            0            0            0      29.1006      251.922
178         102.538    0.0420191      84.1476  2.19983e-18  1.45115e-06  1.48078e-22            0            0            0      29.1006      251.068
177         99.5385    0.0465662      84.1476  2.19983e-18  1.45115e-06  1.48078e-22            0            0            0      29.1006      250.214
176         96.5385    0.0516053      84.1476  2.19983e-18  1.45115e-06  1.48078e-22            0            0            0      29.1006      249.359
175         93.5385    0.0571897      84.1476  2.19983e-18  1.45115e-06  1.48078e-22            0            0            0      29.1006      248.505
174         90.5385    0.0633785      84.1476  2.19983e-18  1.45115e-06  1.48078e-22            0            0            0      29.1006      247.651
173         87.5385    0.0702369      84.1476  2.19983e-18  1.45115e-06  1.48078e-22            0            0            0      29.1006      246.797
172         84.5385    0.0778375      84.1476  2.19983e-18  1.45115e-06  1.48078e-22            0            0            0      29.1006      245.942
171         81.5385    0.0862607      84.1476  2.19983e-18  1.45115e-06  1.48078e-22            0            0            0      29.1006      245.088
170         78.5385    0.0955953      84.1476  2.19983e-18  1.45115e-06  1.48078e-22            0            0            0      29.1006      244.234
169         75.5385      0.10594      84.1476  2.19983e-18  1.45115e-06  1.48078e-22            0            0            0      29.1006      243.379
168         72.5385     0.117404      84.1476  2.19983e-18  1.45115e-06  1.48078e-22            0            0            0      29.1006      242.525
167         69.5385     0.130109      84.1476  2.19983e-18  1.45115e-06  1.48078e-22            0            0            0      29.1006      241.671
166         66.5385     0.144189      84.1476  2.19983e-18  1.45115e-06  1.48078e-22            0            0            0      29.1006      240.816
165         63.5385     0.159792      84.1476  2.19983e-18  1.45115e-06  1.48078e-22            0            0            0      29.1006      239.962
164         60.5385     0.177084      84.1476  2.19983e-18  1.45115e-06  1.48078e-22            0            0            0      29.1006      239.108
163         57.5385     0.217167      86.6203  1.64693e-17  4.94221e-06  1.40092e-21            0            0            0      29.1006      238.254
162         54.5385     0.239633      89.0929  1.09902e-16  1.56627e-05   1.1679e-20            0            0            0      29.1006      238.255
161         51.5385     0.263712      91.5653  6.59886e-16  4.64652e-05  8.66844e-20            0            0            0      29.1006      238.255
160         48.5385      0.28947      94.0376  3.59522e-15  0.000129723   5.7813e-19            0            0            0      29.1006      238.256
159         45.5385     0.316976      96.5098  1.79084e-14  0.000342452  3.49342e-18            0            0            0      29.1006      238.256
158         42.5385     0.346299      98.9819  8.21126e-14  0.000858496  1.92685e-17            0            0            0      29.1006      238.256
157         39.5385      0.37751      101.454  3.48697e-13   0.00205167  9.76631e-17            0            0            0      29.1006      238.257
156         36.5385      0.41068      103.926  1.37904e-12   0.00469056  4.57652e-16            0            0            0      29.1006      238.257
155         33.5385      0.44588      106.398  5.10471e-12     0.010291  1.99366e-15            0            0            0      29.1006      238.257
154         30.5385     0.483183      108.869   1.7767e-11    0.0217297  8.11423e-15            0            0            0      29.1006      238.258
153         27.5385     0.522663      111.341  5.83856e-11    0.0442735  3.09954e-14            0            0            0      29.1006      238.258
152         24.5385     0.564395      113.813  1.81837e-10    0.0872485  1.11583e-13            0            0            0      29.1006      238.258
151         21.5385     0.608454      116.283  5.38334e-10     0.166616  3.79824e-13            0            0            0      29.1006      238.258
150         18.5385     0.654916      118.753  1.52068e-09      0.30906  1.22754e-12            0            0            0      29.1006      238.258
149         15.5385     0.703859      121.224   4.1106e-09     0.557858  3.77872e-12            0            0            0      29.1006      238.258
148         12.5385      0.75536      123.694  1.06614e-08       0.9815  1.11118e-11            0            0            0      29.1006      238.258
147          9.5385     0.809498      126.162  2.65779e-08      1.68508  3.12741e-11            0            0            0      29.1006      238.257
146          6.5385     0.866354      128.629  6.38344e-08      2.82718  8.44631e-11            0            0            0      29.1006      238.257
145          3.5385      0.92601      131.093  1.47983e-07      4.64081  2.19335e-10            0            0            0      29.1006      238.256
144        0.538499     0.988549      133.553  3.31651e-07      7.46057  5.48607e-10            0            0            0      29.1007      238.254
143         -2.4615      1.05406      136.007  7.19516e-07      11.7558  1.32359e-09            0            0            0      29.1007      238.251
142         -5.4615      1.12262      138.453  1.51267e-06      18.1685  3.08374e-09            0            0            0      29.1008      238.246
141         -8.4615      1.19433      140.888   3.0841e-06       27.554  6.94364e-09            0            0            0      29.1008       238.24
140        -11.4615      1.26929      143.306  6.10085e-06      41.0184  1.51178e-08            0            0            0       29.101      238.231
139        -14.4615      1.34759      145.703  1.17111e-05      59.9444  3.18302e-08            0            0            0      29.1011      238.218
138        -17.4615      1.42934      148.072  2.18119e-05      85.9926  6.47958e-08            0            0            0      29.1013      238.201
137        -20.4615      1.51467      150.402  3.93758e-05      121.018  1.27377e-07            0            0            0      29.1016      238.177
136        -23.4615       1.6037      152.685  6.88664e-05       167.03  2.41668e-07            0            0            0       29.102      238.146
135        -26.4615      1.69658      154.908  0.000116567      225.957  4.41979e-07            0            0            0      29.1025      238.105
134        -29.4615      1.79342      157.172    0.0001962      273.683  8.94302e-07            0            0            0      29.1029      238.071
133        -32.4615      1.89423      159.647  0.000342211      273.683  2.33359e-06            0            0            0      29.1029      238.071
132        -35.4615      1.99903      162.122  0.000586274      273.683  5.90376e-06            0            0            0      29.1029      238.071
131        -38.4615       2.1079      164.596  0.000987359      273.683  1.45015e-05            0            0            0      29.1029      238.071
130        -41.4615      2.22095      167.071   0.00163589      273.683  3.46305e-05            0            0            0      29.1029      238.071
129        -44.4615      2.33826      169.546   0.00266843      273.683  8.05027e-05            0            0            0      29.1029      238.071
128        -47.4615      2.45992      172.021    0.0042882      273.683  0.000182382            0            0            0      29.1029      238.071
127        -50.4615      2.58605      174.495   0.00679352      273.683  0.000403144            0            0            0      29.1029      238.071
126        -53.4615      2.71673       176.97    0.0106165      273.684  0.000870362            0            0            0      29.1029      238.071
125        -56.4615      2.85206      179.445     0.016375      273.685    0.0018371            0            0            0      29.1029      238.071
124        -59.4615      2.99213       181.92    0.0249421      273.687   0.00379462            0            0            0      29.1029      238.071
123        -62.4615      3.13706      184.395    0.0375372       273.69   0.00767694            0            0            0      29.1029      238.071
122        -65.4615      3.28692      186.869    0.0558441      273.698     0.015225            0            0            0      29.1029      238.071
121        -68.4615      3.44184      189.344    0.0821639      273.712     0.029622            0            0            0      29.1029      238.071
120        -71.4615       3.6019      191.819     0.119609      273.739    0.0565823            0            0            0      29.1029      238.071
119        -74.4615      3.76721      194.294     0.172348      273.789     0.106182            0            0            0      29.1029      238.071
118        -77.4615      3.93786      196.768     0.245911      273.878     0.195881            0            0            0      29.1029      238.071
117        -80.4615      4.11397      199.243      0.34757      274.038     0.355418            0            0            0      29.1029      238.071
116        -83.4615      4.29564      201.718     0.486804      274.317     0.634573            0            0            0      29.1029      238.071
115        -86.4615      4.48297      204.193     0.675869      274.797      1.11517            0            0            0      29.1029      238.071
114        -89.4615      4.67606      206.668     0.930478      275.611      1.92913            0            0            0      29.1029      238.071
113        -92.4615      4.87503      209.143      1.27063      276.965      3.28432            0            0            0       29.103      238.072
112        -95.4615      5.07998      211.615      1.72086      279.175      5.49556            0            0            0       29.103      238.072
111        -98.4615      5.29103      214.085      2.31267      282.709      9.03174            0            0            0      29.1031      238.072
110        -101.462       5.5083      216.554      3.08476      288.228      14.5537            0            0            0      29.1032      238.073
109        -104.462      5.73191      219.021      4.08478      296.613      22.9437            0            0            0      29.1033      238.074
108        -107.462      5.96199      221.485      5.37108      308.965      35.3032            0            0            0      29.1035      238.076
107        -110.462      6.19869      223.948      7.01485      326.564      52.9122            0            0            0      29.1038      238.078
106        -113.462      6.44215       226.41      9.10282      350.804      77.1664            0            0            0      29.1042      238.082
105        -116.462      6.69245      228.885      11.7591       355.16      81.5254            0            0            0      29.1043      238.083
104        -119.462      6.94965      231.364      15.1072      355.159      81.5252            0            0            0      29.1044      238.084
103        -122.462      7.21383      233.843      19.2971      355.158      81.5248            0            0            0      29.1044      238.084
102        -125.462      7.48512       236.32      24.5051      355.156      81.5244            0            0            0      29.1044      238.084
101        -128.462      7.76364      238.796      30.9497      355.154      81.5239            0            0            0      29.1045      238.085
100        -131.462      8.04951      241.272       38.884      355.151      81.5232            0            0            0      29.1046      238.086
99         -134.462      8.34283      243.747      48.6036      355.147      81.5224            0            0            0      29.1046      238.086
98         -137.462      8.64374      246.222      60.4531      355.143      81.5215            0            0            0      29.1047      238.087
97         -140.462      8.95236      248.697       74.832      355.138      81.5203            0            0            0      29.1049      238.088
96         -143.462      9.26881      251.171       92.202      355.132      81.5189            0            0            0       29.105       238.09
95         -146.462      9.59323      253.644      113.094      355.124      81.5172            0            0            0      29.1052      238.092
94         -149.462      9.92574      256.118      138.118      355.115      81.5151            0            0            0      29.1054      238.094
93         -152.462      10.2665      258.591      167.969      355.105      81.5127            0            0            0      29.1056      238.096
92         -155.462      10.6156      261.065      203.441      355.092      81.5098            0            0            0      29.1059        238.1
91         -158.462      10.9732      263.538      245.437      355.077      81.5064            0            0            0      29.1063      238.104
90         -161.462      11.3394      266.013      294.979       355.06      81.5024            0            0            0      29.1067      238.108
89         -164.462      11.7145      268.488      353.229      355.039      81.4976            0            0            0      29.1072      238.114
88         -167.462      12.0985      270.965      421.498      355.015       81.492            0            0            0      29.1077      238.121
87         -170.462      12.4916      273.445      499.917      354.987      81.4856            0            0            0      29.1084      238.129
86         -173.462       12.894      275.928      578.821      354.959      81.4792            0            0            0      29.1091      238.137
85         -176.462      13.3059      278.414      668.122      354.927      81.4719            0            0            0      29.1098      238.146
84         -179.462      13.7273      280.905      768.976      354.891      81.4637            0            0            0      29.1106      238.157
83         -182.462      14.1585      283.398      882.374      354.851      81.4545            0            0            0      29.1116      238.169
82         -185.462      14.5996        285.9      1009.97      354.806      81.4441            0            0            0      29.1126      238.183
81         -188.462      15.0508      288.409      1153.08      354.755      81.4324            0            0            0      29.1138      238.199
80         -191.462      15.5124      290.927      1313.32      354.698      81.4193            0            0            0      29.1152      238.218
79         -194.462      15.9846       293.46      1492.84      354.634      81.4047            0            0            0      29.1166      238.239
78         -197.462      16.4674      296.007      1693.52      354.563      81.3883            0            0            0      29.1183      238.263
77         -200.462      16.9613      298.571      1917.71      354.483      81.3701            0            0            0      29.1202      238.291
76         -203.462      17.4663      301.157      2168.48      354.394      81.3496            0            0            0      29.1223      238.323
75         -206.462      17.9827       303.77      2448.88      354.295      81.3268            0            0            0      29.1246       238.36
74         -209.462      18.5109      306.414      2762.77      354.183      81.3012            0            0            0      29.1272      238.402
73         -212.462       19.051      309.098       3115.4      354.058      81.2724            0            0            0      29.1301      238.451
72         -215.462      19.6034      311.832      3512.54      353.917        81.24            0            0            0      29.1334      238.508
71         -218.462      20.1683       314.63      3962.75      353.757      81.2033            0            0            0      29.1372      238.574
70         -221.462       20.746      317.509      4476.56      353.575      81.1614            0            0            0      29.1414      238.653
69         -224.462       21.337      320.501      5071.07      353.363       81.113            0            0            0      29.1464      238.747
68         -227.462      21.9415      323.658      5773.76      353.114      81.0557            0            0            0      29.1522      238.865
67         -230.462        22.56      327.076      6634.14      352.808      80.9855            0            0            0      29.1594      239.018
66         -233.462      23.1929      330.988      7772.03      352.404      80.8928            0            0            0      29.1688      239.236
65         -236.462      23.8403      335.224         8910          352         80.8            0            0            0      29.1783      239.478
64         -239.462      24.5014      337.847         8910          352         80.8            0            0            0      29.1783      239.478
63         -242.462      25.1754      340.469         8910          352         80.8            0            0            0      29.1783      239.478
62         -245.462      25.8626      343.092         8910          352         80.8            0            0            0      29.1783      239.478
61         -248.462      26.5631      345.715         8910          352         80.8            0            0            0      29.1783      239.478
60         -251.462      27.2771      348.338         8910          352         80.8            0            0            0      29.1783      239.478
59         -254.462      28.0047       350.96         8910          352         80.8            0            0            0      29.1783      239.478
58         -257.462      28.7461      353.583         8910          352         80.8            0            0            0      29.1783      239.478
57         -260.462      29.5014      356.206         8910          352         80.8            0            0            0      29.1783      239.478
56         -263.462      30.2708      358.829         8910          352         80.8            0            0            0      29.1783      239.478
55         -266.462      31.0544      361.452         8910          352         80.8            0            0            0      29.1783      239.478
54         -269.462      31.8525      364.074         8910          352         80.8            0            0            0      29.1783      239.478
53         -272.462       32.665      366.697         8910          352         80.8            0            0            0      29.1783      239.478
52         -275.462      33.4924       369.32         8910          352         80.8            0            0            0      29.1783      239.478
51         -278.462      34.3345      371.943         8910          352         80.8            0            0            0      29.1783      239.478
50         -281.462      35.1918      374.566         8910          352         80.8            0            0            0      29.1783      239.478
49         -284.462      36.0642      377.188         8910          352         80.8            0            0            0      29.1783      239.478
48         -287.462      36.9519      379.811         8910          352         80.8            0            0            0      29.1783      239.478
47         -290.462      37.8552      382.434         8910          352         80.8            0            0            0      29.1783      239.478
46         -293.462      38.7742      385.057         8910          352         80.8            0            0            0      29.1783      239.478
45         -296.462       39.709       387.68         8910          352         80.8            0            0            0      29.1783      239.478
44         -299.462      40.6598      390.302         8910          352         80.8            0            0            0      29.1783      239.478
43         -302.462      41.6268      392.925         8910          352         80.8            0            0            0      29.1783      239.478
42         -305.462      42.6101      395.548         8910          352         80.8            0            0            0      29.1783      239.478
41         -308.462      43.6099      398.171         8910          352         80.8            0            0            0      29.1783      239.478
40         -311.462      44.6264      400.794         8910          352         80.8            0            0            0      29.1783      239.478
39         -314.462      45.6597      403.416         8910          352         80.8            0            0            0      29.1783      239.478
38         -317.462        46.71      406.039         8910          352         80.8            0            0            0      29.1783      239.478
37         -320.462      47.7775      408.662         8910          352         80.8            0            0            0      29.1783      239.478
36         -323.462      48.8623      411.285         8910          352         80.8            0            0            0      29.1783      239.478
35         -326.462      49.9646      413.907         8910          352         80.8            0            0            0      29.1783      239.478
34         -329.462      51.0845       416.53         8910          352         80.8            0            0            0      29.1783      239.478
33         -332.462      52.2223      419.153         8910          352         80.8            0            0            0      29.1783      239.478
32         -335.462      53.3781      421.776         8910          352         80.8            0            0            0      29.1783      239.478
31         -338.462      54.5521      424.399         8910          352         80.8            0            0            0      29.1783      239.478
30         -341.462      55.7445      427.021         8910          352         80.8            0            0            0      29.1783      239.478
29         -344.462      56.9553      429.644         8910          352         80.8            0            0            0      29.1783      239.478
28         -347.462      58.1848      432.267         8910          352         80.8            0            0            0      29.1783      239.478
27         -350.462      59.4333       434.89         8910          352         80.8            0            0            0      29.1783      239.478
26         -353.462      60.7007      437.513         8910          352         80.8            0            0            0      29.1783      239.478
25         -356.462      61.9873      440.135         8910          352         80.8            0            0            0      29.1783      239.478
24         -359.462      63.2934      442.758         8910          352         80.8            0            0            0      29.1783      239.478
23         -362.462       64.619      445.381         8910          352         80.8            0            0            0      29.1783      239.478
22         -365.462      65.9643      448.004         8910          352         80.8            0            0            0      29.1783      239.478
21         -368.462      67.3296      450.627         8910          352         80.8            0            0            0      29.1783      239.478
20         -371.462      68.7149      453.249         8910          352         80.8            0            0            0      29.1783      239.478
19         -374.462      70.1205      455.872         8910          352         80.8            0            0            0      29.1783      239.478
18         -377.462      71.5465      458.495         8910          352         80.8            0            0            0      29.1783      239.478
17         -380.462      72.9932      461.118         8910          352         80.8            0            0            0      29.1783      239.478
16         -383.462      74.4606      463.741         8910          352         80.8            0            0            0      29.1783      239.478
15         -386.462       75.949      466.363         8910          352         80.8            0            0            0      29.1783      239.478
14         -389.462      77.4586      468.986         8910          352         80.8            0            0            0      29.1783      239.478
13         -392.462      78.9895      471.609         8910          352         80.8            0            0            0      29.1783      239.478
12         -395.462      80.5419      474.232         8910          352         80.8            0            0            0      29.1783      239.478
11         -398.462       82.116      476.854         8910          352         80.8            0            0            0      29.1783      239.478
10         -401.462       83.712      479.477         8910          352         80.8            0            0            0      29.1783      239.478
9          -404.462      85.3301        482.1         8910          352         80.8            0            0            0      29.1783      239.478
8          -407.462      86.9704      484.723         8910          352         80.8            0            0            0      29.1783      239.478
7          -410.462      88.6331      487.346         8910          352         80.8            0            0            0      29.1783      239.478
6          -413.462      90.3184      489.968         8910          352         80.8            0            0            0      29.1783      239.478
5          -416.462      92.0265      492.591         8910          352         80.8            0            0            0      29.1783      239.478
4          -419.462      93.7576      495.214         8910          352         80.8            0            0            0      29.1783      239.478
3          -422.462      95.5118      497.837         8910          352         80.8            0            0            0      29.1783      239.478
2          -425.462      97.2894       500.46         8910          352         80.8            0            0            0      29.1783      239.478
1          -428.462      99.0906      503.082         8910          352         80.8            0            0            0      29.1783      239.478
