# File generated by write_profile.py
# Date generated: 2025-10-05 21:16:57.937227
# Speices units: mole fraction [ppmv]
# Width of the first column: 6 characters
# Width of other columns: 13 characters
# Reference pressure for z = 0: 100000.0 Pa
# IDX       HGT[km]     PRE[bar]       TEM[K]          H2O          NH3          H2S       H2O(L)       NH3(S)     NH4SH(S) CPX[J,K,mol] ENS[J,K,mol]
200         180.316   0.00295661      84.3448  2.59591e-18  1.60553e-06  1.78108e-22            0            0            0      29.1006      273.203
199         177.316   0.00327577      84.3448  2.59591e-18  1.60553e-06  1.78108e-22            0            0            0      29.1006      272.351
198         174.316   0.00362938      84.3448  2.59591e-18  1.60553e-06  1.78108e-22            0            0            0      29.1006      271.499
197         171.316   0.00402116      84.3448  2.59591e-18  1.60553e-06  1.78108e-22            0            0            0      29.1006      270.647
196         168.316   0.00445524      84.3448  2.59591e-18  1.60553e-06  1.78108e-22            0            0            0      29.1006      269.794
195         165.316   0.00493618      84.3448  2.59591e-18  1.60553e-06  1.78108e-22            0            0            0      29.1006      268.942
194         162.316   0.00546903      84.3448  2.59591e-18  1.60553e-06  1.78108e-22            0            0            0      29.1006       268.09
193         159.316    0.0060594      84.3448  2.59591e-18  1.60553e-06  1.78108e-22            0            0            0      29.1006      267.237
192         156.316   0.00671349      84.3448  2.59591e-18  1.60553e-06  1.78108e-22            0            0            0      29.1006      266.385
191         153.316    0.0074382      84.3448  2.59591e-18  1.60553e-06  1.78108e-22            0            0            0      29.1006      265.533
190         150.316   0.00824114      84.3448  2.59591e-18  1.60553e-06  1.78108e-22            0            0            0      29.1006       264.68
189         147.316   0.00913076      84.3448  2.59591e-18  1.60553e-06  1.78108e-22            0            0            0      29.1006      263.828
188         144.316    0.0101164      84.3448  2.59591e-18  1.60553e-06  1.78108e-22            0            0            0      29.1006      262.976
187         141.316    0.0112084      84.3448  2.59591e-18  1.60553e-06  1.78108e-22            0            0            0      29.1006      262.123
186         138.316    0.0124184      84.3448  2.59591e-18  1.60553e-06  1.78108e-22            0            0            0      29.1006      261.271
185         135.316    0.0137589      84.3448  2.59591e-18  1.60553e-06  1.78108e-22            0            0            0      29.1006      260.419
184         132.316    0.0152442      84.3448  2.59591e-18  1.60553e-06  1.78108e-22            0            0            0      29.1006      259.566
183         129.316    0.0168897      84.3448  2.59591e-18  1.60553e-06  1.78108e-22            0            0            0      29.1006      258.714
182         126.316    0.0187129      84.3448  2.59591e-18  1.60553e-06  1.78108e-22            0            0            0      29.1006      257.862
181         123.316     0.020733      84.3448  2.59591e-18  1.60553e-06  1.78108e-22            0            0            0      29.1006       257.01
180         120.316    0.0229711      84.3448  2.59591e-18  1.60553e-06  1.78108e-22            0            0            0      29.1006      256.157
179         117.316    0.0254507      84.3448  2.59591e-18  1.60553e-06  1.78108e-22            0            0            0      29.1006      255.305
178         114.316    0.0281981      84.3448  2.59591e-18  1.60553e-06  1.78108e-22            0            0            0      29.1006      254.453
177         111.316     0.031242      84.3448  2.59591e-18  1.60553e-06  1.78108e-22            0            0            0      29.1006        253.6
176         108.316    0.0346145      84.3448  2.59591e-18  1.60553e-06  1.78108e-22            0            0            0      29.1006      252.748
175         105.316    0.0383511      84.3448  2.59591e-18  1.60553e-06  1.78108e-22            0            0            0      29.1006      251.896
174         102.316     0.042491      84.3448  2.59591e-18  1.60553e-06  1.78108e-22            0            0            0      29.1006      251.043
173         99.3161    0.0470778      84.3448  2.59591e-18  1.60553e-06  1.78108e-22            0            0            0      29.1006      250.191
172         96.3161    0.0521598      84.3448  2.59591e-18  1.60553e-06  1.78108e-22            0            0            0      29.1006      249.339
171         93.3161    0.0577903      84.3448  2.59591e-18  1.60553e-06  1.78108e-22            0            0            0      29.1006      248.486
170         90.3161    0.0640287      84.3448  2.59591e-18  1.60553e-06  1.78108e-22            0            0            0      29.1006      247.634
169         87.3161    0.0709404      84.3448  2.59591e-18  1.60553e-06  1.78108e-22            0            0            0      29.1006      246.782
168         84.3161    0.0785983      84.3448  2.59591e-18  1.60553e-06  1.78108e-22            0            0            0      29.1006      245.929
167         81.3161    0.0870829      84.3448  2.59591e-18  1.60553e-06  1.78108e-22            0            0            0      29.1006      245.077
166         78.3161    0.0964833      84.3448  2.59591e-18  1.60553e-06  1.78108e-22            0            0            0      29.1006      244.225
165         75.3161     0.106898      84.3448  2.59591e-18  1.60553e-06  1.78108e-22            0            0            0      29.1006      243.373
164         72.3161     0.118438      84.3448  2.59591e-18  1.60553e-06  1.78108e-22            0            0            0      29.1006       242.52
163         69.3161     0.131223      84.3448  2.59591e-18  1.60553e-06  1.78108e-22            0            0            0      29.1006      241.668
162         66.3161     0.145388      84.3448  2.59591e-18  1.60553e-06  1.78108e-22            0            0            0      29.1006      240.816
161         63.3161     0.161083      84.3448  2.59591e-18  1.60553e-06  1.78108e-22            0            0            0      29.1006      239.963
160         60.3161     0.178471      84.3448  2.59591e-18  1.60553e-06  1.78108e-22            0            0            0      29.1006      239.111
159         57.3161      0.21876      86.8151  1.92134e-17  5.42899e-06  1.66392e-21            0            0            0      29.1006      238.259
158         54.3161     0.241333      89.2854  1.26894e-16  1.70944e-05  1.37142e-20            0            0            0      29.1006      238.259
157         51.3161     0.265522      91.7557  7.54798e-16  5.04166e-05  1.00743e-19            0            0            0      29.1006      238.259
156         48.3161     0.291396      94.2261  4.07741e-15  0.000140008  6.65603e-19            0            0            0      29.1006      238.259
155         45.3161     0.319022      96.6964   2.0153e-14  0.000367816  3.98763e-18            0            0            0      29.1006      238.259
154         42.3161      0.34847      99.1667  9.17507e-14  0.000918012  2.18226e-17            0            0            0      29.1006      238.259
153         39.3161      0.37981      101.637    3.871e-13   0.00218504  1.09817e-16            0            0            0      29.1006      238.259
152         36.3161     0.413114      104.107   1.5218e-12   0.00497696  5.11223e-16            0            0            0      29.1006      238.259
151         33.3161     0.448453      106.578  5.60238e-12    0.0108822  2.21357e-15            0            0            0      29.1006      238.259
150         30.3161       0.4859      109.048   1.9401e-11    0.0229062  8.95913e-15            0            0            0      29.1006      238.259
149         27.3161      0.52553      111.518  6.34603e-11    0.0465364  3.40477e-14            0            0            0      29.1006      238.259
148         24.3161     0.567417      113.989  1.96803e-10    0.0914666  1.21996e-13            0            0            0      29.1006      238.259
147         21.3161     0.611637      116.459   5.8064e-10       0.1743  4.13692e-13            0            0            0      29.1006      238.259
146         18.3161     0.658267      118.929   1.6349e-09     0.322666  1.33223e-12            0            0            0      29.1006      238.259
145         15.3161     0.707386        121.4  4.40595e-09     0.581323  4.08724e-12            0            0            0      29.1006      238.259
144         12.3161     0.759075       123.87  1.13947e-08      1.02097  1.19811e-11            0            0            0      29.1006      238.258
143         9.31612     0.813417       126.34  2.83496e-08      1.75067  3.36467e-11            0            0            0      29.1006      238.258
142         6.31612     0.870499      128.811   6.8006e-08      2.93498  9.07499e-11            0            0            0      29.1006      238.258
141         3.31612     0.930412      131.281  1.57619e-07      4.81701  2.35615e-10            0            0            0      29.1007      238.258
140        0.316117     0.993256      133.752  3.53644e-07      7.74897  5.90105e-10            0            0            0      29.1007      238.257
139        -2.68388      1.05914      136.222  7.69476e-07      12.2316   1.4285e-09            0            0            0      29.1007      238.257
138        -5.68388      1.12818      138.693  1.62633e-06      18.9646  3.34841e-09            0            0            0      29.1008      238.255
137        -8.68388      1.20053      141.164  3.34403e-06      28.9086  7.61273e-09            0            0            0      29.1009      238.254
136        -11.6839      1.27634      143.635  6.69875e-06      43.3626  1.68137e-08            0            0            0       29.101      238.252
135        -14.6839      1.35581      146.106  1.30903e-05      64.0551  3.61271e-08            0            0            0      29.1011      238.248
134        -17.6839       1.4392      148.578  2.49838e-05      93.2513  7.56193e-08            0            0            0      29.1014      238.244
133        -20.6839       1.5268       151.05  4.66241e-05      133.878  1.54384e-07            0            0            0      29.1017      238.238
132        -23.6839      1.61899      153.524  8.51629e-05      189.661  3.07781e-07            0            0            0      29.1022      238.229
131        -26.6839      1.71624      155.998  0.000152402      265.274  5.99807e-07            0            0            0      29.1028      238.218
130        -29.6839      1.81392      158.473  0.000268103      273.683  1.53949e-06            0            0            0      29.1029      238.217
129        -32.6839      1.91502      160.948  0.000463188      273.683  3.95165e-06            0            0            0      29.1029      238.217
128        -35.6839      2.02008      163.423   0.00078635      273.683  9.84174e-06            0            0            0      29.1029      238.217
127        -38.6839       2.1292      165.897   0.00131287      273.683  2.38153e-05            0            0            0      29.1029      238.217
126        -41.6839      2.24247      168.372   0.00215725      273.683  5.60648e-05            0            0            0      29.1029      238.217
125        -44.6839      2.35997      170.847   0.00349108      273.683   0.00012856            0            0            0      29.1029      238.217
124        -47.6839      2.48181      173.322   0.00556784      273.683  0.000287475            0            0            0      29.1029      238.217
123        -50.6839      2.60808      175.796   0.00875702      273.683  0.000627541            0            0            0      29.1029      238.217
122        -53.6839      2.73887      178.271    0.0135901      273.684   0.00133868            0            0            0      29.1029      238.217
121        -56.6839      2.87428      180.746    0.0208225      273.686   0.00279333            0            0            0      29.1029      238.217
120        -59.6839      3.01441      183.221    0.0315147      273.688   0.00570654            0            0            0      29.1029      238.217
119        -62.6839      3.15935      185.696    0.0471391      273.694    0.0114236            0            0            0      29.1029      238.217
118        -65.6839       3.3092       188.17    0.0697179      273.705    0.0224265            0            0            0      29.1029      238.217
117        -68.6839      3.46406      190.645     0.101999      273.726    0.0432096            0            0            0      29.1029      238.217
116        -71.6839      3.62404       193.12      0.14768      273.764    0.0817643            0            0            0      29.1029      238.217
115        -74.6839      3.78922      195.595     0.211689      273.835     0.152052            0            0            0      29.1029      238.217
114        -77.6839      3.95973      198.069     0.300531      273.961     0.278046            0            0            0      29.1029      238.217
113        -80.6839      4.13567      200.544     0.422722      274.183     0.500199            0            0            0      29.1029      238.217
112        -83.6839      4.31714      203.019      0.58931      274.568     0.885574            0            0            0      29.1029      238.217
111        -86.6839      4.50428      205.494     0.814515      275.225      1.54326            0            0            0      29.1029      238.217
110        -89.6839      4.69721      207.969      1.11649      276.328      2.64694            0            0            0      29.1029      238.217
109        -92.6839      4.89608      210.444      1.51825      278.146      4.46633            0            0            0       29.103      238.217
108        -95.6839      5.10109      212.919      2.04872      281.085      7.40734            0            0            0       29.103      238.217
107        -98.6839      5.31243      215.394      2.74402      285.732      12.0569            0            0            0      29.1031      238.217
106        -101.684      5.53037       217.87      3.64896      292.893      19.2214            0            0            0      29.1032      238.217
105        -104.684      5.75523      220.347      4.81872      303.606      29.9409            0            0            0      29.1034      238.218
104        -107.684      5.98738      222.824      6.32083      319.119      45.4624            0            0            0      29.1037      238.218
103        -110.684      6.22724      225.302      8.23746      340.821      67.1771            0            0            0      29.1041      238.219
102        -113.684      6.47284      227.781      10.6711      355.161      81.5255            0            0            0      29.1043       238.22
101        -116.684      6.72303       230.26      13.7452       355.16      81.5253            0            0            0      29.1044       238.22
100        -119.684      6.98011      232.739      17.6014      355.158       81.525            0            0            0      29.1044       238.22
99         -122.684      7.24422      235.218      22.4121      355.157      81.5246            0            0            0      29.1044       238.22
98         -125.684      7.51549      237.697      28.3816      355.154      81.5241            0            0            0      29.1045      238.221
97         -128.684      7.79406      240.177      35.7506      355.152      81.5235            0            0            0      29.1045      238.221
96         -131.684      8.08009      242.656      44.8019      355.149      81.5227            0            0            0      29.1046      238.221
95         -134.684      8.37372      245.136      55.8656      355.145      81.5218            0            0            0      29.1047      238.222
94         -137.684      8.67512      247.616      69.3256       355.14      81.5207            0            0            0      29.1048      238.223
93         -140.684      8.98448      250.096      85.6265      355.134      81.5194            0            0            0       29.105      238.223
92         -143.684      9.30196      252.577      105.281      355.127      81.5178            0            0            0      29.1051      238.224
91         -146.684      9.62779      255.058      128.877      355.119      81.5159            0            0            0      29.1053      238.225
90         -149.684      9.96216      257.539      157.088      355.109      81.5136            0            0            0      29.1055      238.227
89         -152.684      10.3053      260.021      190.681      355.097      81.5109            0            0            0      29.1058      238.228
88         -155.684      10.6575      262.503      230.526      355.083      81.5076            0            0            0      29.1062       238.23
87         -158.684      11.0191      264.987      277.607      355.066      81.5038            0            0            0      29.1065      238.232
86         -161.684      11.3902      267.471      333.033      355.046      81.4992            0            0            0       29.107      238.234
85         -164.684      11.7714      269.956      398.049      355.023      81.4939            0            0            0      29.1075      238.237
84         -167.684      12.1629      272.443      474.049      354.996      81.4878            0            0            0      29.1082      238.241
83         -170.684      12.5641      274.931      553.228      354.968      81.4813            0            0            0      29.1088      238.244
82         -173.684      12.9757       277.42      639.115      354.938      81.4743            0            0            0      29.1096      238.248
81         -176.684      13.3983       279.91      735.944      354.903      81.4664            0            0            0      29.1104      238.252
80         -179.684      13.8323      282.403      844.775      354.864      81.4575            0            0            0      29.1113      238.256
79         -182.684       14.278      284.897      966.731      354.821      81.4476            0            0            0      29.1123      238.262
78         -185.684       14.736      287.394         1103      354.773      81.4365            0            0            0      29.1134      238.267
77         -188.684      15.2066      289.893      1254.83      354.719      81.4241            0            0            0      29.1147      238.274
76         -191.684      15.6904      292.395      1423.55      354.659      81.4103            0            0            0      29.1161      238.281
75         -194.684       16.188        294.9      1610.52      354.593      81.3951            0            0            0      29.1176      238.288
74         -197.684      16.6997      297.408      1817.18      354.519      81.3783            0            0            0      29.1193      238.297
73         -200.684      17.2264       299.92      2045.05      354.438      81.3597            0            0            0      29.1212      238.306
72         -203.684      17.7686      302.436      2295.67      354.349      81.3392            0            0            0      29.1233      238.317
71         -206.684       18.327      304.957      2570.67      354.252      81.3168            0            0            0      29.1256      238.328
70         -209.684      18.9023      307.482      2871.72      354.145      81.2923            0            0            0      29.1281       238.34
69         -212.684      19.4954      310.013      3200.54      354.028      81.2655            0            0            0      29.1308      238.353
68         -215.684       20.107      312.549      3558.91      353.901      81.2363            0            0            0      29.1338      238.368
67         -218.684      20.7382      315.092      3948.67      353.762      81.2045            0            0            0      29.1371      238.384
66         -221.684      21.3897      317.641      4371.66      353.612        81.17            0            0            0      29.1406      238.401
65         -224.684      22.0627      320.198       4829.8      353.449      81.1326            0            0            0      29.1444      238.419
64         -227.684      22.7582      322.763      5325.04      353.273      81.0923            0            0            0      29.1485      238.439
63         -230.684      23.4774      325.337      5859.37      353.083      81.0487            0            0            0      29.1529      238.461
62         -233.684      24.2215       327.92       6434.8      352.879      81.0018            0            0            0      29.1577      238.484
61         -236.684      24.9918      330.512      7053.37      352.659      80.9514            0            0            0      29.1629      238.509
60         -239.684      25.7896      333.116      7717.14      352.424      80.8972            0            0            0      29.1684      238.535
59         -242.684      26.6165      335.731      8428.21      352.171      80.8393            0            0            0      29.1743      238.564
58         -245.684      27.4291      338.354         8910          352         80.8            0            0            0      29.1783      238.583
57         -248.684      28.1825      340.977         8910          352         80.8            0            0            0      29.1783      238.583
56         -251.684      28.9507      343.599         8910          352         80.8            0            0            0      29.1783      238.583
55         -254.684      29.7336      346.222         8910          352         80.8            0            0            0      29.1783      238.583
54         -257.684      30.5316      348.845         8910          352         80.8            0            0            0      29.1783      238.583
53         -260.684      31.3449      351.468         8910          352         80.8            0            0            0      29.1783      238.583
52         -263.684      32.1734       354.09         8910          352         80.8            0            0            0      29.1783      238.583
51         -266.684      33.0176      356.713         8910          352         80.8            0            0            0      29.1783      238.583
50         -269.684      33.8774      359.336         8910          352         80.8            0            0            0      29.1783      238.583
49         -272.684      34.7531      361.959         8910          352         80.8            0            0            0      29.1783      238.583
48         -275.684      35.6449      364.582         8910          352         80.8            0            0            0      29.1783      238.583
47         -278.684       36.553      367.204         8910          352         80.8            0            0            0      29.1783      238.583
46         -281.684      37.4774      369.827         8910          352         80.8            0            0            0      29.1783      238.583
45         -284.684      38.4185       372.45         8910          352         80.8            0            0            0      29.1783      238.583
44         -287.684      39.3764      375.073         8910          352         80.8            0            0            0      29.1783      238.583
43         -290.684      40.3512      377.696         8910          352         80.8            0            0            0      29.1783      238.583
42         -293.684      41.3431      380.318         8910          352         80.8            0            0            0      29.1783      238.583
41         -296.684      42.3524      382.941         8910          352         80.8            0            0            0      29.1783      238.583
40         -299.684      43.3791      385.564         8910          352         80.8            0            0            0      29.1783      238.583
39         -302.684      44.4235      388.187         8910          352         80.8            0            0            0      29.1783      238.583
38         -305.684      45.4858       390.81         8910          352         80.8            0            0            0      29.1783      238.583
37         -308.684      46.5661      393.432         8910          352         80.8            0            0            0      29.1783      238.583
36         -311.684      47.6647      396.055         8910          352         80.8            0            0            0      29.1783      238.583
35         -314.684      48.7816      398.678         8910          352         80.8            0            0            0      29.1783      238.583
34         -317.684      49.9172      401.301         8910          352         80.8            0            0            0      29.1783      238.583
33         -320.684      51.0715      403.924         8910          352         80.8            0            0            0      29.1783      238.583
32         -323.684      52.2448      406.546         8910          352         80.8            0            0            0      29.1783      238.583
31         -326.684      53.4372      409.169         8910          352         80.8            0            0            0      29.1783      238.583
30         -329.684       54.649      411.792         8910          352         80.8            0            0            0      29.1783      238.583
29         -332.684      55.8803      414.415         8910          352         80.8            0            0            0      29.1783      238.583
28         -335.684      57.1313      417.037         8910          352         80.8            0            0            0      29.1783      238.583
27         -338.684      58.4022       419.66         8910          352         80.8            0            0            0      29.1783      238.583
26         -341.684      59.6932      422.283         8910          352         80.8            0            0            0      29.1783      238.583
25         -344.684      61.0045      424.906         8910          352         80.8            0            0            0      29.1783      238.583
24         -347.684      62.3362      427.529         8910          352         80.8            0            0            0      29.1783      238.583
23         -350.684      63.6886      430.151         8910          352         80.8            0            0            0      29.1783      238.583
22         -353.684      65.0619      432.774         8910          352         80.8            0            0            0      29.1783      238.583
21         -356.684      66.4562      435.397         8910          352         80.8            0            0            0      29.1783      238.583
20         -359.684      67.8717       438.02         8910          352         80.8            0            0            0      29.1783      238.583
19         -362.684      69.3086      440.643         8910          352         80.8            0            0            0      29.1783      238.583
18         -365.684      70.7672      443.265         8910          352         80.8            0            0            0      29.1783      238.583
17         -368.684      72.2476      445.888         8910          352         80.8            0            0            0      29.1783      238.583
16         -371.684        73.75      448.511         8910          352         80.8            0            0            0      29.1783      238.583
15         -374.684      75.2747      451.134         8910          352         80.8            0            0            0      29.1783      238.583
14         -377.684      76.8217      453.757         8910          352         80.8            0            0            0      29.1783      238.583
13         -380.684      78.3913      456.379         8910          352         80.8            0            0            0      29.1783      238.583
12         -383.684      79.9838      459.002         8910          352         80.8            0            0            0      29.1783      238.583
11         -386.684      81.5992      461.625         8910          352         80.8            0            0            0      29.1783      238.583
10         -389.684      83.2378      464.248         8910          352         80.8            0            0            0      29.1783      238.583
9          -392.684      84.8998      466.871         8910          352         80.8            0            0            0      29.1783      238.583
8          -395.684      86.5855      469.493         8910          352         80.8            0            0            0      29.1783      238.583
7          -398.684      88.2949      472.116         8910          352         80.8            0            0            0      29.1783      238.583
6          -401.684      90.0283      474.739         8910          352         80.8            0            0            0      29.1783      238.583
5          -404.684      91.7859      477.362         8910          352         80.8            0            0            0      29.1783      238.583
4          -407.684      93.5679      479.984         8910          352         80.8            0            0            0      29.1783      238.583
3          -410.684      95.3745      482.607         8910          352         80.8            0            0            0      29.1783      238.583
2          -413.684      97.2059       485.23         8910          352         80.8            0            0            0      29.1783      238.583
1          -416.684      99.0623      487.853         8910          352         80.8            0            0            0      29.1783      238.583
