# File generated by write_profile.py
# Date generated: 2025-10-05 22:01:31.369504
# Speices units: mole fraction [ppmv]
# Width of the first column: 6 characters
# Width of other columns: 13 characters
# Reference pressure for z = 0: 100000.0 Pa
# IDX       HGT[km]     PRE[bar]       TEM[K]          H2O          NH3          H2S       H2O(L)       NH3(S)     NH4SH(S) CPX[J,K,mol] ENS[J,K,mol]
200         179.416   0.00210721      82.6725  5.63423e-19  6.07877e-07  3.27912e-23      8910.72      271.222      80.8065      29.5242      276.731
199         176.416   0.00235539      82.6725  5.63423e-19  6.07877e-07  3.27912e-23      8910.72      271.222      80.8065      29.5242      275.814
198         173.416   0.00263279      82.6725  5.63423e-19  6.07877e-07  3.27912e-23      8910.72      271.222      80.8065      29.5242      274.897
197         170.416   0.00294287      82.6725  5.63423e-19  6.07877e-07  3.27912e-23      8910.72      271.222      80.8065      29.5242       273.98
196         167.416   0.00328946      82.6725  5.63423e-19  6.07877e-07  3.27912e-23      8910.72      271.222      80.8065      29.5242      273.063
195         164.416   0.00367688      82.6725  5.63423e-19  6.07877e-07  3.27912e-23      8910.72      271.222      80.8065      29.5242      272.145
194         161.416   0.00410992      82.6725  5.63423e-19  6.07877e-07  3.27912e-23      8910.72      271.222      80.8065      29.5242      271.228
193         158.416   0.00459396      82.6725  5.63423e-19  6.07877e-07  3.27912e-23      8910.72      271.222      80.8065      29.5242      270.311
192         155.416   0.00513502      82.6725  5.63423e-19  6.07877e-07  3.27912e-23      8910.72      271.222      80.8065      29.5242      269.394
191         152.416   0.00573979      82.6725  5.63423e-19  6.07877e-07  3.27912e-23      8910.72      271.222      80.8065      29.5242      268.477
190         149.416   0.00641579      82.6725  5.63423e-19  6.07877e-07  3.27912e-23      8910.72      271.222      80.8065      29.5242       267.56
189         146.416    0.0071714      82.6725  5.63423e-19  6.07877e-07  3.27912e-23      8910.72      271.222      80.8065      29.5242      266.643
188         143.416   0.00801601      82.6725  5.63423e-19  6.07877e-07  3.27912e-23      8910.72      271.222      80.8065      29.5242      265.725
187         140.416   0.00896009      82.6725  5.63423e-19  6.07877e-07  3.27912e-23      8910.72      271.222      80.8065      29.5242      264.808
186         137.416    0.0100154      82.6725  5.63423e-19  6.07877e-07  3.27912e-23      8910.72      271.222      80.8065      29.5242      263.891
185         134.416    0.0111949      82.6725  5.63423e-19  6.07877e-07  3.27912e-23      8910.72      271.222      80.8065      29.5242      262.974
184         131.416    0.0125134      82.6725  5.63423e-19  6.07877e-07  3.27912e-23      8910.72      271.222      80.8065      29.5242      262.057
183         128.416    0.0139871      82.6725  5.63423e-19  6.07877e-07  3.27912e-23      8910.72      271.222      80.8065      29.5242       261.14
182         125.416    0.0156345      82.6725  5.63423e-19  6.07877e-07  3.27912e-23      8910.72      271.222      80.8065      29.5242      260.222
181         122.416    0.0174758      82.6725  5.63423e-19  6.07877e-07  3.27912e-23      8910.72      271.222      80.8065      29.5242      259.305
180         119.416     0.019534      82.6725  5.63423e-19  6.07877e-07  3.27912e-23      8910.72      271.222      80.8065      29.5242      258.388
179         116.416    0.0218346      82.6725  5.63423e-19  6.07877e-07  3.27912e-23      8910.72      271.222      80.8065      29.5242      257.471
178         113.416    0.0244062      82.6725  5.63423e-19  6.07877e-07  3.27912e-23      8910.72      271.222      80.8065      29.5242      256.554
177         110.416    0.0272806      82.6725  5.63423e-19  6.07877e-07  3.27912e-23      8910.72      271.222      80.8065      29.5242      255.637
176         107.416    0.0304936      82.6725  5.63423e-19  6.07877e-07  3.27912e-23      8910.72      271.222      80.8065      29.5242       254.72
175         104.416    0.0340849      82.6725  5.63423e-19  6.07877e-07  3.27912e-23      8910.72      271.222      80.8065      29.5242      253.802
174         101.416    0.0380993      82.6725  5.63423e-19  6.07877e-07  3.27912e-23      8910.72      271.222      80.8065      29.5242      252.885
173         98.4159    0.0425864      82.6725  5.63423e-19  6.07877e-07  3.27912e-23      8910.72      271.222      80.8065      29.5242      251.968
172         95.4159     0.047602      82.6725  5.63423e-19  6.07877e-07  3.27912e-23      8910.72      271.222      80.8065      29.5242      251.051
171         92.4159    0.0532082      82.6725  5.63423e-19  6.07877e-07  3.27912e-23      8910.72      271.222      80.8065      29.5242      250.134
170         89.4159    0.0594748      82.6725  5.63423e-19  6.07877e-07  3.27912e-23      8910.72      271.222      80.8065      29.5242      249.217
169         86.4159    0.0664794      82.6725  5.63423e-19  6.07877e-07  3.27912e-23      8910.72      271.222      80.8065      29.5242      248.299
168         83.4159     0.074309      82.6725  5.63423e-19  6.07877e-07  3.27912e-23      8910.72      271.222      80.8065      29.5242      247.382
167         80.4159    0.0830607      82.6725  5.63423e-19  6.07877e-07  3.27912e-23      8910.72      271.222      80.8065      29.5242      246.465
166         77.4159    0.0928431      82.6725  5.63423e-19  6.07877e-07  3.27912e-23      8910.72      271.222      80.8065      29.5242      245.548
165         74.4159     0.103778      82.6725  5.63423e-19  6.07877e-07  3.27912e-23      8910.72      271.222      80.8065      29.5242      244.631
164         71.4159        0.116      82.6725  5.63423e-19  6.07877e-07  3.27912e-23      8910.72      271.222      80.8065      29.5242      243.714
163         68.4159     0.129662      82.6725  5.63423e-19  6.07877e-07  3.27912e-23      8910.72      271.222      80.8065      29.5242      242.797
162         65.4159     0.144933      82.6725  5.63423e-19  6.07877e-07  3.27912e-23      8910.72      271.222      80.8065      29.5242      241.879
161         62.4159     0.162002      82.6725  5.63423e-19  6.07877e-07  3.27912e-23      8910.72      271.222      80.8065      29.5242      240.962
160         59.4159     0.181082      82.6725  5.63423e-19  6.07877e-07  3.27912e-23      8910.72      271.222      80.8065      29.5242      240.045
159         56.4159     0.223761      85.2647  5.04445e-18   2.3184e-06  3.77982e-22      8910.72      271.222      80.8065      29.5242      239.128
158         53.4159     0.246691      87.8569  3.95397e-17  8.13421e-06  3.76452e-21      8910.72      271.222      80.8065      29.5242      239.128
157         50.4159     0.271266       90.449  2.74476e-16  2.64465e-05  3.28059e-20      8910.72      271.222      80.8065      29.5242      239.128
156         47.4159     0.297557      93.0412  1.70481e-15   8.0198e-05   2.5297e-19      8910.72      271.222      80.8065      29.5242      239.128
155         44.4159     0.325634      95.6334  9.56125e-15  0.000228143  1.74341e-18      8910.72      271.222      80.8065      29.5242      239.128
154         41.4159      0.35557      98.2256  4.88164e-14  0.000611983  1.08349e-17      8910.72      271.221      80.8065      29.5242      239.128
153         38.4159     0.387438      100.818  2.28564e-13   0.00155514  6.12107e-17      8910.72       271.22      80.8065      29.5242      239.128
152         35.4159     0.421312       103.41   9.8787e-13   0.00375922  3.16618e-16      8910.72      271.218      80.8065      29.5242      239.128
151         32.4159     0.457267      106.002  3.96477e-12    0.0086767  1.50929e-15      8910.72      271.213      80.8065      29.5242      239.128
150         29.4159     0.495378      108.594  1.48557e-11     0.019187  6.66951e-15      8910.72      271.203      80.8065      29.5242      239.128
149         26.4159     0.535723      111.187  5.22197e-11    0.0407742  2.74671e-14      8910.72      271.181      80.8065      29.5242      239.128
148         23.4159     0.578381      113.779  1.72966e-10    0.0835023  1.05933e-13      8910.72      271.138      80.8065      29.5242      239.128
147         20.4159     0.623429      116.371  5.42024e-10     0.165213  3.84299e-13      8910.72      271.057      80.8065      29.5242      239.128
146         17.4159      0.67095      118.963  1.61287e-09     0.316537  1.31665e-12      8910.72      270.905      80.8065      29.5242      239.128
145         14.4159     0.721026      121.555  4.57256e-09     0.588511  4.27594e-12      8910.72      270.633      80.8065      29.5242      239.128
144         11.4159     0.773742      124.147  1.23888e-08      1.06383  1.32074e-11      8910.72      270.158      80.8065      29.5242      239.128
143         8.41593     0.829184       126.74  3.21688e-08      1.87302  3.89198e-11      8910.72      269.349      80.8065      29.5241      239.128
142         5.41593     0.887447      129.332  8.02593e-08      3.21715  1.09729e-10      8910.72      268.005      80.8065      29.5241      239.128
141         2.41593     0.948627      131.924  1.92861e-07      5.39887  2.96764e-10      8910.72      265.823      80.8065       29.524      239.128
140       -0.584075      1.01283      134.516  4.47331e-07      8.86402  7.71756e-10      8910.72      262.358      80.8065      29.5239      239.128
139        -3.58407      1.08018      137.109  1.00352e-06      14.2561  1.93416e-09      8910.72      256.966      80.8065      29.5237      239.128
138        -6.58407      1.15081      139.701  2.18145e-06       22.486  4.68094e-09      8910.72      248.736      80.8065      29.5233      239.128
137        -9.58407      1.22487      142.293  4.60279e-06      34.8196  1.09603e-08      8910.72      236.402      80.8065      29.5229      239.128
136        -12.5841      1.30257      144.885  9.44148e-06      52.9852  2.48722e-08      8910.72      218.237      80.8065      29.5222      239.128
135        -15.5841      1.38413      147.478   1.8855e-05       79.302  5.47897e-08      8910.72       191.92      80.8065      29.5212      239.128
134        -18.5841      1.46985       150.07  3.67077e-05      116.831  1.17331e-07      8910.72      154.391      80.8065      29.5198      239.128
133        -21.5841       1.5601      152.663  6.97511e-05      169.545  2.44589e-07      8910.72      101.677      80.8065      29.5178      239.128
132        -24.5841      1.65535      155.256  0.000129505      242.515  4.96938e-07      8910.72      28.7072      80.8065      29.5151      239.128
131        -27.5841      1.75233      157.849  0.000235658      271.222  1.24772e-06      8910.72            0      80.8065       29.514      239.128
130        -30.5841      1.85173      160.442  0.000420506      271.222  3.38797e-06      8910.72            0      80.8065       29.514      239.128
129        -33.5841      1.95511      163.035  0.000735882      271.222  8.89547e-06      8910.72            0      80.8065       29.514      239.128
128        -36.5841      2.06257      165.629   0.00126414      271.222  2.26206e-05      8910.72            0      80.8065       29.514      239.128
127        -39.5841      2.17421      168.222   0.00213358      271.222  5.57957e-05      8910.72            0      80.8065       29.514      239.128
126        -42.5841      2.29014      170.815   0.00354087      271.222  0.000133681      8910.72            0      80.8064       29.514      239.128
125        -45.5841      2.41043      173.408    0.0057827      271.222  0.000311525      8910.71            0      80.8062       29.514      239.128
124        -48.5841      2.53521      176.001   0.00930004      271.223  0.000706985      8910.71            0      80.8058       29.514      239.128
123        -51.5841      2.66455      178.594     0.014739      271.223   0.00156434      8910.71            0       80.805       29.514      239.128
122        -54.5841      2.79857      181.187    0.0230336      271.225   0.00337861       8910.7            0      80.8032       29.514      239.128
121        -57.5841      2.93737       183.78    0.0355162      271.229    0.0071299      8910.68            0      80.7994       29.514      239.128
120        -60.5841      3.08105      186.373    0.0540643      271.237    0.0147161      8910.67            0      80.7918       29.514      239.128
119        -63.5841      3.22971      188.966    0.0812924      271.252    0.0297346      8910.64            0      80.7768       29.514      239.128
118        -66.5841      3.38346      191.559     0.120799      271.281    0.0588663       8910.6            0      80.7477       29.514      239.128
117        -69.5841      3.54239      194.152     0.177486      271.336     0.114274      8910.54            0      80.6922       29.514      239.128
116        -72.5841      3.70663      196.745     0.257958       271.44     0.217676      8910.46            0      80.5888       29.514      239.128
115        -75.5841      3.87629      199.339     0.371026      271.629     0.407119      8910.35            0      80.3994       29.514      239.128
114        -78.5841      4.05147      201.932     0.528334       271.97     0.747962      8910.18            0      80.0585       29.514      239.128
113        -81.5841      4.23231      204.525     0.745125      272.572      1.35021      8909.96            0      79.4562       29.514      239.128
112        -84.5841      4.41893      207.118      1.04118      273.616      2.39483      8909.66            0      78.4115      29.5139      239.128
111        -87.5841       4.6115      209.711      1.44193      275.392      4.17166      8909.24            0      76.6345      29.5139      239.128
110        -90.5841      4.81019      212.304      1.97983       278.35      7.12957      8908.68            0      73.6764      29.5138      239.128
109        -93.5841      5.01522      214.897      2.69593      283.153      11.9344      8907.92            0      68.8712      29.5136      239.128
108        -96.5841      5.22685       217.49      3.64171      290.736      19.5196       8906.9            0      61.2853      29.5133      239.128
107        -99.5841      5.44542      220.083      4.88126      302.318      31.1047      8905.56            0      49.6993      29.5129      239.128
106        -102.584      5.67127      222.676      6.49376      319.368      48.1589       8903.8            0      32.6438      29.5124      239.128
105        -105.584      5.90484       225.27      8.57625      343.516      72.3134       8901.5            0       8.4873      29.5116      239.128
104        -108.584      6.14292      227.863      11.2532          352         80.8      8898.75            0            0      29.5112      239.128
103        -111.584      6.38656      230.456      14.6708          352         80.8      8895.33            0            0      29.5111      239.128
102        -114.584      6.63714      233.049       19.004          352         80.8         8891            0            0      29.5109      239.128
101        -117.584      6.89478      235.643      24.4649          352         80.8      8885.54            0            0      29.5107      239.128
100        -120.584      7.15964      238.236      31.3066          352         80.8      8878.69            0            0      29.5105      239.128
99         -123.584      7.43187      240.829        39.83          352         80.8      8870.17            0            0      29.5102      239.128
98         -126.584      7.71161      243.422      50.3902          352         80.8      8859.61            0            0      29.5098      239.128
97         -129.584      7.99905      246.016      63.4049          352         80.8       8846.6            0            0      29.5093      239.128
96         -132.584      8.29435      248.609      79.3624          352         80.8      8830.64            0            0      29.5087      239.128
95         -135.584       8.5977      251.203      98.8307          352         80.8      8811.17            0            0       29.508      239.128
94         -138.584      8.90931      253.796      122.468          352         80.8      8787.53            0            0      29.5071      239.128
93         -141.584      9.22941       256.39      151.033          352         80.8      8758.97            0            0       29.506      239.128
92         -144.584      9.55821      258.984      185.396          352         80.8       8724.6            0            0      29.5047      239.128
91         -147.584      9.89599      261.578      226.552          352         80.8      8683.45            0            0      29.5032      239.128
90         -150.584       10.243      264.172      275.634          352         80.8      8634.37            0            0      29.5013      239.128
89         -153.584      10.5996      266.766      333.923          352         80.8      8576.08            0            0      29.4992      239.128
88         -156.584      10.9661       269.36      402.866          352         80.8      8507.13            0            0      29.4966      239.128
87         -159.584      11.3429      271.955      484.088          352         80.8      8425.91            0            0      29.4935      239.128
86         -162.584       11.731       274.55      571.759          352         80.8      8338.24            0            0      29.4903      239.128
85         -165.584      12.1303      277.146      665.081          352         80.8      8244.92            0            0      29.4868      239.128
84         -168.584      12.5407      279.741      770.839          352         80.8      8139.16            0            0      29.4828      239.128
83         -171.584      12.9626      282.337      890.275          352         80.8      8019.72            0            0      29.4783      239.128
82         -174.584      13.3963      284.934       1024.7          352         80.8       7885.3            0            0      29.4733      239.128
81         -177.584      13.8423      287.531      1175.51          352         80.8      7734.49            0            0      29.4677      239.128
80         -180.584      14.3009      290.129      1344.14          352         80.8      7565.86            0            0      29.4614      239.128
79         -183.584      14.7728      292.727      1532.13          352         80.8      7377.87            0            0      29.4543      239.128
78         -186.584      15.2583      295.326      1741.04          352         80.8      7168.96            0            0      29.4465      239.128
77         -189.584       15.758      297.925      1972.52          352         80.8      6937.48            0            0      29.4379      239.128
76         -192.584      16.2726      300.526      2228.27          352         80.8      6681.73            0            0      29.4283      239.128
75         -195.584      16.8025      303.127      2510.03          352         80.8      6399.97            0            0      29.4177      239.128
74         -198.584      17.3483       305.73      2819.58          352         80.8      6090.42            0            0      29.4062      239.128
73         -201.584      17.9109      308.333      3158.76          352         80.8      5751.24            0            0      29.3935      239.128
72         -204.584      18.4908      310.938      3529.43          352         80.8      5380.57            0            0      29.3796      239.128
71         -207.584      19.0888      313.544      3933.45          352         80.8      4976.55            0            0      29.3645      239.128
70         -210.584      19.7056      316.152      4372.75          352         80.8      4537.25            0            0      29.3481      239.128
69         -213.584       20.342      318.761      4849.21          352         80.8      4060.79            0            0      29.3302      239.128
68         -216.584      20.9989      321.372      5364.75          352         80.8      3545.25            0            0      29.3109      239.128
67         -219.584      21.6771      323.985      5921.28          352         80.8      2988.72            0            0      29.2901      239.128
66         -222.584      22.3776        326.6      6520.68          352         80.8      2389.32            0            0      29.2677      239.128
65         -225.584      23.1012      329.217      7164.83          352         80.8      1745.17            0            0      29.2436      239.128
64         -228.584       23.849      331.836      7855.58          352         80.8      1054.42            0            0      29.2177      239.128
63         -231.584      24.6219      334.458      8594.71          352         80.8      315.289            0            0      29.1901      239.128
62         -234.584       25.352       337.08         8910          352         80.8            0            0            0      29.1783      239.128
61         -237.584       26.051      339.703         8910          352         80.8            0            0            0      29.1783      239.128
60         -240.584      26.7638      342.326         8910          352         80.8            0            0            0      29.1783      239.128
59         -243.584      27.4903      344.949         8910          352         80.8            0            0            0      29.1783      239.128
58         -246.584      28.2309      347.571         8910          352         80.8            0            0            0      29.1783      239.128
57         -249.584      28.9856      350.194         8910          352         80.8            0            0            0      29.1783      239.128
56         -252.584      29.7546      352.817         8910          352         80.8            0            0            0      29.1783      239.128
55         -255.584      30.5381       355.44         8910          352         80.8            0            0            0      29.1783      239.128
54         -258.584      31.3362      358.063         8910          352         80.8            0            0            0      29.1783      239.128
53         -261.584      32.1492      360.685         8910          352         80.8            0            0            0      29.1783      239.128
52         -264.584      32.9771      363.308         8910          352         80.8            0            0            0      29.1783      239.128
51         -267.584      33.8202      365.931         8910          352         80.8            0            0            0      29.1783      239.128
50         -270.584      34.6785      368.554         8910          352         80.8            0            0            0      29.1783      239.128
49         -273.584      35.5523      371.177         8910          352         80.8            0            0            0      29.1783      239.128
48         -276.584      36.4418      373.799         8910          352         80.8            0            0            0      29.1783      239.128
47         -279.584      37.3471      376.422         8910          352         80.8            0            0            0      29.1783      239.128
46         -282.584      38.2683      379.045         8910          352         80.8            0            0            0      29.1783      239.128
45         -285.584      39.2056      381.668         8910          352         80.8            0            0            0      29.1783      239.128
44         -288.584      40.1593      384.291         8910          352         80.8            0            0            0      29.1783      239.128
43         -291.584      41.1294      386.913         8910          352         80.8            0            0            0      29.1783      239.128
42         -294.584      42.1162      389.536         8910          352         80.8            0            0            0      29.1783      239.128
41         -297.584      43.1198      392.159         8910          352         80.8            0            0            0      29.1783      239.128
40         -300.584      44.1404      394.782         8910          352         80.8            0            0            0      29.1783      239.128
39         -303.584      45.1781      397.405         8910          352         80.8            0            0            0      29.1783      239.128
38         -306.584      46.2332      400.027         8910          352         80.8            0            0            0      29.1783      239.128
37         -309.584      47.3057       402.65         8910          352         80.8            0            0            0      29.1783      239.128
36         -312.584       48.396      405.273         8910          352         80.8            0            0            0      29.1783      239.128
35         -315.584      49.5041      407.896         8910          352         80.8            0            0            0      29.1783      239.128
34         -318.584      50.6302      410.518         8910          352         80.8            0            0            0      29.1783      239.128
33         -321.584      51.7745      413.141         8910          352         80.8            0            0            0      29.1783      239.128
32         -324.584      52.9372      415.764         8910          352         80.8            0            0            0      29.1783      239.128
31         -327.584      54.1184      418.387         8910          352         80.8            0            0            0      29.1783      239.128
30         -330.584      55.3184       421.01         8910          352         80.8            0            0            0      29.1783      239.128
29         -333.584      56.5373      423.632         8910          352         80.8            0            0            0      29.1783      239.128
28         -336.584      57.7752      426.255         8910          352         80.8            0            0            0      29.1783      239.128
27         -339.584      59.0324      428.878         8910          352         80.8            0            0            0      29.1783      239.128
26         -342.584      60.3091      431.501         8910          352         80.8            0            0            0      29.1783      239.128
25         -345.584      61.6054      434.124         8910          352         80.8            0            0            0      29.1783      239.128
24         -348.584      62.9215      436.746         8910          352         80.8            0            0            0      29.1783      239.128
23         -351.584      64.2575      439.369         8910          352         80.8            0            0            0      29.1783      239.128
22         -354.584      65.6138      441.992         8910          352         80.8            0            0            0      29.1783      239.128
21         -357.584      66.9903      444.615         8910          352         80.8            0            0            0      29.1783      239.128
20         -360.584      68.3875      447.238         8910          352         80.8            0            0            0      29.1783      239.128
19         -363.584      69.8053       449.86         8910          352         80.8            0            0            0      29.1783      239.128
18         -366.584       71.244      452.483         8910          352         80.8            0            0            0      29.1783      239.128
17         -369.584      72.7038      455.106         8910          352         80.8            0            0            0      29.1783      239.128
16         -372.584      74.1848      457.729         8910          352         80.8            0            0            0      29.1783      239.128
15         -375.584      75.6873      460.351         8910          352         80.8            0            0            0      29.1783      239.128
14         -378.584      77.2115      462.974         8910          352         80.8            0            0            0      29.1783      239.128
13         -381.584      78.7575      465.597         8910          352         80.8            0            0            0      29.1783      239.128
12         -384.584      80.3254       468.22         8910          352         80.8            0            0            0      29.1783      239.128
11         -387.584      81.9156      470.843         8910          352         80.8            0            0            0      29.1783      239.128
10         -390.584      83.5281      473.465         8910          352         80.8            0            0            0      29.1783      239.128
9          -393.584      85.1633      476.088         8910          352         80.8            0            0            0      29.1783      239.128
8          -396.584      86.8211      478.711         8910          352         80.8            0            0            0      29.1783      239.128
7          -399.584       88.502      481.334         8910          352         80.8            0            0            0      29.1783      239.128
6          -402.584       90.206      483.957         8910          352         80.8            0            0            0      29.1783      239.128
5          -405.584      91.9333      486.579         8910          352         80.8            0            0            0      29.1783      239.128
4          -408.584      93.6841      489.202         8910          352         80.8            0            0            0      29.1783      239.128
3          -411.584      95.4586      491.825         8910          352         80.8            0            0            0      29.1783      239.128
2          -414.584      97.2571      494.448         8910          352         80.8            0            0            0      29.1783      239.128
1          -417.584      99.0796      497.071         8910          352         80.8            0            0            0      29.1783      239.128
