# File generated by write_profile.py
# Date generated: 2025-10-05 21:17:00.493862
# Speices units: mole fraction [ppmv]
# Width of the first column: 6 characters
# Width of other columns: 13 characters
# Reference pressure for z = 0: 100000.0 Pa
# IDX       HGT[km]     PRE[bar]       TEM[K]          H2O          NH3          H2S       H2O(L)       NH3(S)     NH4SH(S) CPX[J,K,mol] ENS[J,K,mol]
200         169.184   0.00418723      83.6321  1.42457e-18  1.11387e-06   9.1186e-23            0            0            0      29.1006      270.063
199         166.184   0.00464329      83.6321  1.42457e-18  1.11387e-06   9.1186e-23            0            0            0      29.1006      269.204
198         163.184   0.00514902      83.6321  1.42457e-18  1.11387e-06   9.1186e-23            0            0            0      29.1006      268.344
197         160.184   0.00570983      83.6321  1.42457e-18  1.11387e-06   9.1186e-23            0            0            0      29.1006      267.484
196         157.184   0.00633172      83.6321  1.42457e-18  1.11387e-06   9.1186e-23            0            0            0      29.1006      266.625
195         154.184   0.00702135      83.6321  1.42457e-18  1.11387e-06   9.1186e-23            0            0            0      29.1006      265.765
194         151.184   0.00778609      83.6321  1.42457e-18  1.11387e-06   9.1186e-23            0            0            0      29.1006      264.906
193         148.184   0.00863412      83.6321  1.42457e-18  1.11387e-06   9.1186e-23            0            0            0      29.1006      264.046
192         145.184   0.00957452      83.6321  1.42457e-18  1.11387e-06   9.1186e-23            0            0            0      29.1006      263.187
191         142.184    0.0106173      83.6321  1.42457e-18  1.11387e-06   9.1186e-23            0            0            0      29.1006      262.327
190         139.184    0.0117737      83.6321  1.42457e-18  1.11387e-06   9.1186e-23            0            0            0      29.1006      261.467
189         136.184    0.0130561      83.6321  1.42457e-18  1.11387e-06   9.1186e-23            0            0            0      29.1006      260.608
188         133.184    0.0144781      83.6321  1.42457e-18  1.11387e-06   9.1186e-23            0            0            0      29.1006      259.748
187         130.184     0.016055      83.6321  1.42457e-18  1.11387e-06   9.1186e-23            0            0            0      29.1006      258.889
186         127.184    0.0178037      83.6321  1.42457e-18  1.11387e-06   9.1186e-23            0            0            0      29.1006      258.029
185         124.184    0.0197428      83.6321  1.42457e-18  1.11387e-06   9.1186e-23            0            0            0      29.1006      257.169
184         121.184    0.0218931      83.6321  1.42457e-18  1.11387e-06   9.1186e-23            0            0            0      29.1006       256.31
183         118.184    0.0242776      83.6321  1.42457e-18  1.11387e-06   9.1186e-23            0            0            0      29.1006       255.45
182         115.184    0.0269218      83.6321  1.42457e-18  1.11387e-06   9.1186e-23            0            0            0      29.1006      254.591
181         112.184     0.029854      83.6321  1.42457e-18  1.11387e-06   9.1186e-23            0            0            0      29.1006      253.731
180         109.184    0.0331056      83.6321  1.42457e-18  1.11387e-06   9.1186e-23            0            0            0      29.1006      252.872
179         106.184    0.0367114      83.6321  1.42457e-18  1.11387e-06   9.1186e-23            0            0            0      29.1006      252.012
178         103.184    0.0407098      83.6321  1.42457e-18  1.11387e-06   9.1186e-23            0            0            0      29.1006      251.152
177         100.184    0.0451438      83.6321  1.42457e-18  1.11387e-06   9.1186e-23            0            0            0      29.1006      250.293
176          97.184    0.0500607      83.6321  1.42457e-18  1.11387e-06   9.1186e-23            0            0            0      29.1006      249.433
175          94.184    0.0555131      83.6321  1.42457e-18  1.11387e-06   9.1186e-23            0            0            0      29.1006      248.574
174          91.184    0.0615593      83.6321  1.42457e-18  1.11387e-06   9.1186e-23            0            0            0      29.1006      247.714
173          88.184    0.0682642      83.6321  1.42457e-18  1.11387e-06   9.1186e-23            0            0            0      29.1006      246.855
172          85.184    0.0756992      83.6321  1.42457e-18  1.11387e-06   9.1186e-23            0            0            0      29.1006      245.995
171          82.184    0.0839441      83.6321  1.42457e-18  1.11387e-06   9.1186e-23            0            0            0      29.1006      245.135
170          79.184     0.093087      83.6321  1.42457e-18  1.11387e-06   9.1186e-23            0            0            0      29.1006      244.276
169          76.184     0.103226      83.6321  1.42457e-18  1.11387e-06   9.1186e-23            0            0            0      29.1006      243.416
168          73.184     0.114469      83.6321  1.42457e-18  1.11387e-06   9.1186e-23            0            0            0      29.1006      242.557
167          70.184     0.126936      83.6321  1.42457e-18  1.11387e-06   9.1186e-23            0            0            0      29.1006      241.697
166          67.184     0.140761      83.6321  1.42457e-18  1.11387e-06   9.1186e-23            0            0            0      29.1006      240.838
165          64.184     0.156093      83.6321  1.42457e-18  1.11387e-06   9.1186e-23            0            0            0      29.1006      239.978
164          61.184     0.173094      83.6321  1.42457e-18  1.11387e-06   9.1186e-23            0            0            0      29.1006      239.118
163          58.184      0.21254      86.1024  1.09164e-17  3.84922e-06  8.85023e-22            0            0            0      29.1006      238.259
162          55.184     0.234667      88.5727  7.44287e-17  1.23638e-05   7.5544e-21            0            0            0      29.1006      238.258
161          52.184     0.258392      91.0431  4.55869e-16  3.71374e-05  5.73099e-20            0            0            0      29.1006      238.258
160          49.184     0.283782      93.5134   2.5299e-15  0.000104882   3.9005e-19            0            0            0      29.1006      238.258
159          46.184     0.310907      95.9837  1.28195e-14  0.000279848  2.40175e-18            0            0            0      29.1006      238.258
158          43.184     0.339834      98.4541  5.97231e-14  0.000708556  1.34816e-17            0            0            0      29.1006      238.257
157          40.184     0.370633      100.924  2.57412e-13   0.00170907  6.94582e-17            0            0            0      29.1006      238.257
156          37.184     0.403377      103.395  1.03223e-12   0.00394115  3.30492e-16            0            0            0      29.1006      238.257
155          34.184     0.438136      105.865  3.87079e-12   0.00871681  1.46043e-15            0            0            0      29.1006      238.257
154          31.184     0.474984      108.335  1.36369e-11    0.0185452  6.02411e-15            0            0            0      29.1006      238.257
153          28.184     0.513993      110.806  4.53274e-11    0.0380537  2.33028e-14            0            0            0      29.1006      238.257
152          25.184     0.555238      113.276  1.42693e-10    0.0754929  8.48908e-14            0            0            0      29.1006      238.257
151          22.184     0.598795      115.746  4.26949e-10     0.145118  2.92368e-13            0            0            0      29.1006      238.256
150          19.184     0.644739      118.217  1.21808e-09     0.270843  9.55328e-13            0            0            0      29.1006      238.256
149          16.184     0.693147      120.687  3.32348e-09     0.491707  2.97126e-12            0            0            0      29.1006      238.256
148          13.184     0.744098      123.157  8.69572e-09     0.869813  8.82248e-12            0            0            0      29.1006      238.256
147          10.184     0.797668      125.628  2.18727e-08      1.50162  2.50784e-11            0            0            0      29.1006      238.256
146         7.18401     0.853939      128.098  5.30138e-08      2.53359  6.84181e-11            0            0            0      29.1006      238.256
145         4.18401     0.912989      130.568  1.24077e-07      4.18349  1.79566e-10            0            0            0      29.1006      238.256
144         1.18401     0.974901      133.039  2.80978e-07      6.76864  4.54364e-10            0            0            0      29.1007      238.257
143        -1.81599      1.03976      135.509  6.16773e-07       10.743  1.11068e-09            0            0            0      29.1007      238.257
142        -4.81599      1.10764       137.98  1.31459e-06      16.7445  2.62778e-09            0            0            0      29.1007      238.258
141        -7.81599      1.17863      140.451  2.72495e-06      25.6549  6.02789e-09            0            0            0      29.1008      238.259
140         -10.816      1.25283      142.921  5.50139e-06      38.6745  1.34285e-08            0            0            0      29.1009      238.261
139         -13.816       1.3303      145.392  1.08326e-05      57.4128   2.9096e-08            0            0            0      29.1011      238.263
138         -16.816      1.41116      147.864  2.08305e-05      83.9986  6.14055e-08            0            0            0      29.1013      238.266
137         -19.816      1.49548      150.336  3.91656e-05      121.212  1.26395e-07            0            0            0      29.1016       238.27
136         -22.816      1.58337      152.808  7.20857e-05      172.639  2.54072e-07            0            0            0       29.102      238.276
135         -25.816      1.67493      155.282  0.000130018      242.853  4.99349e-07            0            0            0      29.1026      238.284
134         -28.816      1.77024      157.757  0.000230023      273.683  1.18493e-06            0            0            0      29.1029      238.287
133         -31.816      1.86937      160.231  0.000399479      273.683  3.06903e-06            0            0            0      29.1029      238.287
132         -34.816      1.97241      162.706  0.000681575      273.683  7.70943e-06            0            0            0      29.1029      238.287
131         -37.816      2.07944      165.181   0.00114336      273.683   1.8809e-05            0            0            0      29.1029      238.287
130         -40.816      2.19055      167.656   0.00188727      273.683  4.46272e-05            0            0            0      29.1029      238.287
129         -43.816      2.30585       170.13   0.00306745      273.683  0.000103102            0            0            0      29.1029      238.287
128         -46.816      2.42541      172.605   0.00491256      273.683  0.000232204            0            0            0      29.1029      238.287
127         -49.816      2.54934       175.08   0.00775715      273.683  0.000510374            0            0            0      29.1029      238.287
126         -52.816      2.67773      177.555    0.0120843      273.684   0.00109591            0            0            0      29.1029      238.287
125         -55.816      2.81067      180.029     0.018583      273.685   0.00230118            0            0            0      29.1029      238.287
124         -58.816      2.94826      182.504    0.0282237      273.687   0.00472957            0            0            0      29.1029      238.287
123         -61.816      3.09059      184.979    0.0423584      273.692   0.00952283            0            0            0      29.1029      238.287
122         -64.816      3.23776      187.454    0.0628495      273.702    0.0187993            0            0            0      29.1029      238.287
121         -67.816      3.38988      189.929    0.0922354      273.719    0.0364151            0            0            0      29.1029      238.287
120         -70.816      3.54703      192.403     0.133941      273.752     0.069263            0            0            0      29.1029      238.287
119         -73.816      3.70932      194.878     0.192545      273.812     0.129446            0            0            0      29.1029      238.287
118         -76.816      3.87685      197.353     0.274107       273.92      0.23785            0            0            0      29.1029      238.287
117         -79.816      4.04971      199.828     0.386578      274.112     0.429897            0            0            0      29.1029      238.287
116         -82.816      4.22801      202.302     0.540302      274.447     0.764618            0            0            0      29.1029      238.287
115         -85.816      4.41184      204.777     0.748628       275.02      1.33858            0            0            0      29.1029      238.287
114         -88.816      4.60133      207.252      1.02864      275.988      2.30653            0            0            0      29.1029      238.288
113         -91.816      4.79656      209.727      1.40204      277.591      3.91065            0            0            0       29.103      238.288
112         -94.816      4.99764      212.202      1.89621      280.198      6.51897            0            0            0       29.103      238.289
111         -97.816       5.2047      214.677      2.54544      284.347      10.6704            0            0            0      29.1031       238.29
110        -100.816      5.41783      217.153      3.39241       290.79      17.1173            0            0            0      29.1032      238.292
109        -103.816      5.63716      219.629       4.4899      300.516       26.849            0            0            0      29.1034      238.294
108        -106.816      5.86283      222.105      5.90284      314.738      41.0789            0            0            0      29.1036      238.298
107        -109.816      6.09496      224.583      7.71063      334.838      61.1906            0            0            0       29.104      238.303
106        -112.816      6.33368      227.061      10.0098      355.161      81.5256            0            0            0      29.1043      238.308
105        -115.816      6.57907       229.54       12.916       355.16      81.5253            0            0            0      29.1043      238.308
104        -118.816      6.83111      232.019      16.5682      355.159       81.525            0            0            0      29.1044      238.309
103        -121.816      7.08999      234.498      21.1319      355.157      81.5247            0            0            0      29.1044       238.31
102        -124.816       7.3558      236.977      26.8041      355.155      81.5242            0            0            0      29.1045      238.311
101        -127.816      7.62868      239.457      33.8175      355.153      81.5236            0            0            0      29.1045      238.312
100        -130.816      7.90872      241.936      42.4455      355.149      81.5229            0            0            0      29.1046      238.313
99         -133.816      8.19605      244.416      53.0084      355.146      81.5221            0            0            0      29.1047      238.314
98         -136.816      8.49079      246.895      65.8791      355.141       81.521            0            0            0      29.1048      238.316
97         -139.816      8.79305      249.375      81.4906      355.136      81.5198            0            0            0      29.1049      238.318
96         -142.816      9.10296      251.856      100.343      355.129      81.5182            0            0            0      29.1051       238.32
95         -145.816      9.42064      254.336      123.012      355.121      81.5164            0            0            0      29.1053      238.323
94         -148.816      9.74621      256.817      150.158      355.111      81.5142            0            0            0      29.1055      238.326
93         -151.816      10.0798      259.299      182.535        355.1      81.5115            0            0            0      29.1058       238.33
92         -154.816      10.4216      261.781      221.002      355.086      81.5084            0            0            0      29.1061      238.335
91         -157.816      10.7717      264.264      266.534       355.07      81.5047            0            0            0      29.1065       238.34
90         -160.816      11.1302      266.747      320.234      355.051      81.5003            0            0            0      29.1069      238.346
89         -163.816      11.4973      269.231      383.345      355.028      81.4951            0            0            0      29.1074      238.353
88         -166.816      11.8731      271.717      457.267      355.002      81.4891            0            0            0       29.108      238.362
87         -169.816      12.2579      274.204      538.194      354.973      81.4825            0            0            0      29.1087      238.371
86         -172.816      12.6517      276.692      622.737      354.943      81.4756            0            0            0      29.1094       238.38
85         -175.816      13.0547      279.181      718.258      354.909      81.4678            0            0            0      29.1102       238.39
84         -178.816      13.4671      281.673      825.865      354.871      81.4591            0            0            0      29.1111      238.401
83         -181.816       13.889      284.166      946.741      354.828      81.4492            0            0            0      29.1121      238.414
82         -184.816      14.3207      286.661      1082.15       354.78      81.4382            0            0            0      29.1132      238.428
81         -187.816      14.7623      289.158      1233.43      354.726      81.4258            0            0            0      29.1145      238.444
80         -190.816       15.214      291.658      1402.02      354.667      81.4121            0            0            0      29.1159      238.461
79         -193.816      15.6762      294.161      1589.42        354.6      81.3968            0            0            0      29.1175       238.48
78         -196.816      16.1488      296.667      1797.24      354.526      81.3799            0            0            0      29.1192      238.501
77         -199.816      16.6323      299.176      2027.16      354.445      81.3611            0            0            0      29.1211      238.524
76         -202.816      17.1269       301.69      2280.98      354.354      81.3404            0            0            0      29.1232      238.549
75         -205.816      17.6328      304.207      2560.58      354.255      81.3176            0            0            0      29.1255      238.576
74         -208.816      18.1504       306.73      2867.94      354.146      81.2926            0            0            0      29.1281      238.606
73         -211.816      18.6798      309.257      3205.15      354.026      81.2651            0            0            0      29.1309      238.638
72         -214.816      19.2215       311.79      3574.39      353.895       81.235            0            0            0      29.1339      238.673
71         -217.816      19.7757       314.33      3977.97      353.752      81.2021            0            0            0      29.1373      238.711
70         -220.816      20.3429      316.876      4418.31      353.595      81.1662            0            0            0       29.141      238.752
69         -223.816      20.9234       319.43      4897.94      353.425      81.1271            0            0            0      29.1449      238.797
68         -226.816      21.5176      321.991      5419.53       353.24      81.0846            0            0            0      29.1493      238.844
67         -229.816       22.126      324.562      5985.87      353.039      81.0384            0            0            0       29.154      238.896
66         -232.816       22.749      327.141      6599.89       352.82      80.9883            0            0            0      29.1591      238.951
65         -235.816      23.3872      329.731      7264.66      352.584      80.9341            0            0            0      29.1646       239.01
64         -238.816       24.041      332.332      7983.41      352.329      80.8755            0            0            0      29.1706      239.074
63         -241.816       24.711      334.946      8759.53      352.053      80.8123            0            0            0       29.177      239.142
62         -244.816      25.3963      337.567         8910          352         80.8            0            0            0      29.1783      239.156
61         -247.816      26.0955       340.19         8910          352         80.8            0            0            0      29.1783      239.156
60         -250.816      26.8083      342.812         8910          352         80.8            0            0            0      29.1783      239.156
59         -253.816       27.535      345.435         8910          352         80.8            0            0            0      29.1783      239.156
58         -256.816      28.2756      348.058         8910          352         80.8            0            0            0      29.1783      239.156
57         -259.816      29.0303      350.681         8910          352         80.8            0            0            0      29.1783      239.156
56         -262.816      29.7994      353.304         8910          352         80.8            0            0            0      29.1783      239.156
55         -265.816      30.5829      355.926         8910          352         80.8            0            0            0      29.1783      239.156
54         -268.816       31.381      358.549         8910          352         80.8            0            0            0      29.1783      239.156
53         -271.816      32.1939      361.172         8910          352         80.8            0            0            0      29.1783      239.156
52         -274.816      33.0218      363.795         8910          352         80.8            0            0            0      29.1783      239.156
51         -277.816      33.8648      366.418         8910          352         80.8            0            0            0      29.1783      239.156
50         -280.816       34.723       369.04         8910          352         80.8            0            0            0      29.1783      239.156
49         -283.816      35.5967      371.663         8910          352         80.8            0            0            0      29.1783      239.156
48         -286.816       36.486      374.286         8910          352         80.8            0            0            0      29.1783      239.156
47         -289.816      37.3911      376.909         8910          352         80.8            0            0            0      29.1783      239.156
46         -292.816      38.3121      379.532         8910          352         80.8            0            0            0      29.1783      239.156
45         -295.816      39.2492      382.154         8910          352         80.8            0            0            0      29.1783      239.156
44         -298.816      40.2026      384.777         8910          352         80.8            0            0            0      29.1783      239.156
43         -301.816      41.1725        387.4         8910          352         80.8            0            0            0      29.1783      239.156
42         -304.816       42.159      390.023         8910          352         80.8            0            0            0      29.1783      239.156
41         -307.816      43.1622      392.646         8910          352         80.8            0            0            0      29.1783      239.156
40         -310.816      44.1824      395.268         8910          352         80.8            0            0            0      29.1783      239.156
39         -313.816      45.2198      397.891         8910          352         80.8            0            0            0      29.1783      239.156
38         -316.816      46.2744      400.514         8910          352         80.8            0            0            0      29.1783      239.156
37         -319.816      47.3466      403.137         8910          352         80.8            0            0            0      29.1783      239.156
36         -322.816      48.4363      405.759         8910          352         80.8            0            0            0      29.1783      239.156
35         -325.816      49.5439      408.382         8910          352         80.8            0            0            0      29.1783      239.156
34         -328.816      50.6695      411.005         8910          352         80.8            0            0            0      29.1783      239.156
33         -331.816      51.8132      413.628         8910          352         80.8            0            0            0      29.1783      239.156
32         -334.816      52.9753      416.251         8910          352         80.8            0            0            0      29.1783      239.156
31         -337.816      54.1559      418.873         8910          352         80.8            0            0            0      29.1783      239.156
30         -340.816      55.3552      421.496         8910          352         80.8            0            0            0      29.1783      239.156
29         -343.816      56.5734      424.119         8910          352         80.8            0            0            0      29.1783      239.156
28         -346.816      57.8106      426.742         8910          352         80.8            0            0            0      29.1783      239.156
27         -349.816      59.0671      429.365         8910          352         80.8            0            0            0      29.1783      239.156
26         -352.816      60.3429      431.987         8910          352         80.8            0            0            0      29.1783      239.156
25         -355.816      61.6384       434.61         8910          352         80.8            0            0            0      29.1783      239.156
24         -358.816      62.9536      437.233         8910          352         80.8            0            0            0      29.1783      239.156
23         -361.816      64.2888      439.856         8910          352         80.8            0            0            0      29.1783      239.156
22         -364.816       65.644      442.479         8910          352         80.8            0            0            0      29.1783      239.156
21         -367.816      67.0196      445.101         8910          352         80.8            0            0            0      29.1783      239.156
20         -370.816      68.4157      447.724         8910          352         80.8            0            0            0      29.1783      239.156
19         -373.816      69.8325      450.347         8910          352         80.8            0            0            0      29.1783      239.156
18         -376.816      71.2701       452.97         8910          352         80.8            0            0            0      29.1783      239.156
17         -379.816      72.7288      455.592         8910          352         80.8            0            0            0      29.1783      239.156
16         -382.816      74.2086      458.215         8910          352         80.8            0            0            0      29.1783      239.156
15         -385.816      75.7099      460.838         8910          352         80.8            0            0            0      29.1783      239.156
14         -388.816      77.2328      463.461         8910          352         80.8            0            0            0      29.1783      239.156
13         -391.816      78.7775      466.084         8910          352         80.8            0            0            0      29.1783      239.156
12         -394.816      80.3441      468.706         8910          352         80.8            0            0            0      29.1783      239.156
11         -397.816      81.9329      471.329         8910          352         80.8            0            0            0      29.1783      239.156
10         -400.816       83.544      473.952         8910          352         80.8            0            0            0      29.1783      239.156
9          -403.816      85.1776      476.575         8910          352         80.8            0            0            0      29.1783      239.156
8          -406.816       86.834      479.198         8910          352         80.8            0            0            0      29.1783      239.156
7          -409.816      88.5133       481.82         8910          352         80.8            0            0            0      29.1783      239.156
6          -412.816      90.2156      484.443         8910          352         80.8            0            0            0      29.1783      239.156
5          -415.816      91.9413      487.066         8910          352         80.8            0            0            0      29.1783      239.156
4          -418.816      93.6904      489.689         8910          352         80.8            0            0            0      29.1783      239.156
3          -421.816      95.4632      492.312         8910          352         80.8            0            0            0      29.1783      239.156
2          -424.816      97.2598      494.934         8910          352         80.8            0            0            0      29.1783      239.156
1          -427.816      99.0805      497.557         8910          352         80.8            0            0            0      29.1783      239.156
