# File generated by write_profile.py
# Date generated: 2025-10-29 09:43:30.338514
# Speices units: mole fraction [ppmv]
# Width of the first column: 6 characters
# Width of other columns: 13 characters
# Reference pressure for z = 0: 100000.0 Pa
# IDX       HGT[km]     PRE[bar]       TEM[K]          H2O          NH3          H2S       H2O(L)       NH3(S)     NH4SH(S) CPX[J,K,mol] ENS[J,K,mol]
100         50.9279    0.0629294      107.775  2.23855e-11     0.034063  9.54658e-15            0            0            0      29.1006      254.912
99          47.9279     0.074988      107.775  2.23855e-11     0.034063  9.54658e-15            0            0            0      29.1006      253.454
98          44.9279    0.0893574      107.775  2.23855e-11     0.034063  9.54658e-15            0            0            0      29.1006      251.996
97          41.9279      0.10648      107.775  2.23855e-11     0.034063  9.54658e-15            0            0            0      29.1006      250.539
96          38.9279     0.126884      107.775  2.23855e-11     0.034063  9.54658e-15            0            0            0      29.1006      249.081
95          35.9279     0.151198      107.775  2.23855e-11     0.034063  9.54658e-15            0            0            0      29.1006      247.623
94          32.9279      0.18017      107.775  2.23855e-11     0.034063  9.54658e-15            0            0            0      29.1006      246.166
93          29.9279      0.25478      113.188  2.97999e-10     0.160214  1.76383e-13            0            0            0      29.1006      244.711
92          26.9279     0.299938      118.598  3.10088e-09     0.646742  2.48241e-12            0            0            0      29.1006      244.713
91          23.9279     0.350537      124.002  2.60313e-08      2.28553  2.75517e-11            0            0            0      29.1006      244.714
90          20.9279     0.406959      129.393   1.8068e-07      7.18067  2.47719e-10            0            0            0      29.1006      244.712
89          17.9279     0.469602       134.75  1.05499e-06      20.2764  1.83866e-09            0            0            0      29.1006      244.703
88          14.9279     0.538901      140.036  5.23005e-06      51.7609   1.1377e-08            0            0            0      29.1006      244.681
87          11.9279      0.61535       145.18      2.2e-05      119.426  5.86131e-08            0            0            0      29.1006      244.633
86          8.92792     0.699549       150.07  7.78192e-05      247.703   2.4873e-07            0            0            0      29.1006       244.54
85          5.92792     0.791991      155.204  0.000269469      310.939   1.6838e-06            0            0            0      29.1006      244.491
84          2.92792     0.892957      160.622  0.000918715      310.939  1.39542e-05            0            0            0      29.1006      244.492
83       -0.0720802      1.00279       166.04    0.0028782      310.939  9.99433e-05            0            0            0      29.1006      244.493
82         -3.07208      1.12195      171.457   0.00835375       310.94  0.000627428            0            0            0      29.1006      244.494
81         -6.07208      1.25088      176.874    0.0226241      310.943   0.00349542            0            0            0      29.1006      244.494
80         -9.07208      1.39006      182.291    0.0575342      310.956    0.0174689            0            0            0      29.1006      244.495
79         -12.0721      1.53995      187.707     0.138152      311.018    0.0790628            0            0            0      29.1006      244.496
78         -15.0721      1.70105      193.123     0.314768      311.265     0.326662            0            0            0      29.1006      244.496
77         -18.0721      1.87384      198.537     0.683445      312.177       1.2394            0            0            0      29.1006      244.497
76         -21.0721      2.05881      203.949      1.41937      315.261      4.32509            0            0            0      29.1006      244.497
75         -24.0721       2.2565      209.361      2.83091      320.962      10.0301            0            0            0      29.1006      244.498
74         -27.0721      2.46741      214.776      5.44081      320.961        10.03            0            0            0      29.1006      244.499
73         -30.0721      2.69203      220.189      10.0978       320.96        10.03            0            0            0      29.1006      244.499
72         -33.0721      2.93091      225.602      18.1505      320.957      10.0299            0            0            0      29.1006        244.5
71         -36.0721      3.18457      231.016      31.6707      320.953      10.0298            0            0            0      29.1006      244.501
70         -39.0721      3.45358       236.43      53.7598      320.946      10.0296            0            0            0      29.1006      244.503
69         -42.0721      3.73849      241.846       88.947      320.934      10.0292            0            0            0      29.1006      244.505
68         -45.0721      4.03992      247.264      143.699      320.917      10.0286            0            0            0      29.1006       244.51
67         -48.0721      4.35849      252.691      227.174       320.89      10.0278            0            0            0      29.1006      244.516
66         -51.0721      4.69486      258.133      352.137       320.85      10.0266            0            0            0      29.1006      244.527
65         -54.0721      5.04976      263.603      536.366      320.791      10.0247            0            0            0      29.1006      244.543
64         -57.0721      5.42398      269.124      805.242      320.704       10.022            0            0            0      29.1006      244.568
63         -60.0721      5.81839      274.723      1176.99      320.585      10.0183            0            0            0      29.1006      244.605
62         -63.0721      6.23392      280.418      1637.85      320.437      10.0137            0            0            0      29.1006      244.654
61         -66.0721      6.67154      286.292       2267.6      320.235      10.0073            0            0            0      29.1006      244.725
60         -69.0721      7.13229      292.354         3000          320           10            0            0            0      29.1006      244.816
59         -72.0721      7.61618      297.888         3000          320           10            0            0            0      29.1006      244.816
58         -75.0721      8.12308      303.422         3000          320           10            0            0            0      29.1006      244.816
57         -78.0721      8.65362      308.956         3000          320           10            0            0            0      29.1006      244.816
56         -81.0721      9.20847      314.491         3000          320           10            0            0            0      29.1006      244.816
55         -84.0721      9.78827      320.025         3000          320           10            0            0            0      29.1006      244.816
54         -87.0721      10.3937      325.559         3000          320           10            0            0            0      29.1006      244.816
53         -90.0721      11.0254      331.093         3000          320           10            0            0            0      29.1006      244.816
52         -93.0721       11.684      336.627         3000          320           10            0            0            0      29.1006      244.816
51         -96.0721      12.3703      342.162         3000          320           10            0            0            0      29.1006      244.816
50         -99.0721       13.085      347.696         3000          320           10            0            0            0      29.1006      244.816
49         -102.072      13.8286       353.23         3000          320           10            0            0            0      29.1006      244.816
48         -105.072      14.6019      358.764         3000          320           10            0            0            0      29.1006      244.815
47         -108.072      15.4057      364.298         3000          320           10            0            0            0      29.1006      244.815
46         -111.072      16.2405      369.833         3000          320           10            0            0            0      29.1006      244.815
45         -114.072      17.1072      375.367         3000          320           10            0            0            0      29.1006      244.815
44         -117.072      18.0064      380.901         3000          320           10            0            0            0      29.1006      244.815
43         -120.072      18.9389      386.435         3000          320           10            0            0            0      29.1006      244.815
42         -123.072      19.9054      391.969         3000          320           10            0            0            0      29.1006      244.815
41         -126.072      20.9066      397.504         3000          320           10            0            0            0      29.1006      244.815
40         -129.072      21.9432      403.038         3000          320           10            0            0            0      29.1006      244.815
39         -132.072      23.0161      408.572         3000          320           10            0            0            0      29.1006      244.815
38         -135.072      24.1259      414.106         3000          320           10            0            0            0      29.1006      244.815
37         -138.072      25.2734      419.641         3000          320           10            0            0            0      29.1006      244.815
36         -141.072      26.4594      425.175         3000          320           10            0            0            0      29.1006      244.815
35         -144.072      27.6847      430.709         3000          320           10            0            0            0      29.1006      244.815
34         -147.072      28.9499      436.243         3000          320           10            0            0            0      29.1006      244.815
33         -150.072      30.2559      441.777         3000          320           10            0            0            0      29.1006      244.815
32         -153.072      31.6034      447.312         3000          320           10            0            0            0      29.1006      244.815
31         -156.072      32.9933      452.846         3000          320           10            0            0            0      29.1006      244.815
30         -159.072      34.4263       458.38         3000          320           10            0            0            0      29.1006      244.815
29         -162.072      35.9032      463.914         3000          320           10            0            0            0      29.1006      244.815
28         -165.072      37.4248      469.448         3000          320           10            0            0            0      29.1006      244.815
27         -168.072      38.9919      474.983         3000          320           10            0            0            0      29.1006      244.815
26         -171.072      40.6054      480.517         3000          320           10            0            0            0      29.1006      244.815
25         -174.072      42.2659      486.051         3000          320           10            0            0            0      29.1006      244.815
24         -177.072      43.9745      491.585         3000          320           10            0            0            0      29.1006      244.815
23         -180.072      45.7318      497.119         3000          320           10            0            0            0      29.1006      244.815
22         -183.072      47.5387      502.654         3000          320           10            0            0            0      29.1006      244.815
21         -186.072       49.396      508.188         3000          320           10            0            0            0      29.1006      244.815
20         -189.072      51.3046      513.722         3000          320           10            0            0            0      29.1006      244.815
19         -192.072      53.2652      519.256         3000          320           10            0            0            0      29.1006      244.815
18         -195.072      55.2789       524.79         3000          320           10            0            0            0      29.1006      244.815
17         -198.072      57.3463      530.325         3000          320           10            0            0            0      29.1006      244.815
16         -201.072      59.4684      535.859         3000          320           10            0            0            0      29.1006      244.815
15         -204.072      61.6459      541.393         3000          320           10            0            0            0      29.1006      244.815
14         -207.072      63.8799      546.927         3000          320           10            0            0            0      29.1006      244.815
13         -210.072      66.1711      552.461         3000          320           10            0            0            0      29.1006      244.815
12         -213.072      68.5203      557.996         3000          320           10            0            0            0      29.1006      244.815
11         -216.072      70.9286       563.53         3000          320           10            0            0            0      29.1006      244.815
10         -219.072      73.3967      569.064         3000          320           10            0            0            0      29.1006      244.815
9          -222.072      75.9256      574.598         3000          320           10            0            0            0      29.1006      244.815
8          -225.072      78.5161      580.132         3000          320           10            0            0            0      29.1006      244.815
7          -228.072      81.1691      585.667         3000          320           10            0            0            0      29.1006      244.815
6          -231.072      83.8855      591.201         3000          320           10            0            0            0      29.1006      244.815
5          -234.072      86.6663      596.735         3000          320           10            0            0            0      29.1006      244.815
4          -237.072      89.5123      602.269         3000          320           10            0            0            0      29.1006      244.815
3          -240.072      92.4244      607.803         3000          320           10            0            0            0      29.1006      244.815
2          -243.072      95.4036      613.338         3000          320           10            0            0            0      29.1006      244.815
1          -246.072      98.4507      618.872         3000          320           10            0            0            0      29.1006      244.815
