# File generated by write_profile.py
# Date generated: 2025-10-29 09:43:29.169194
# Speices units: mole fraction [ppmv]
# Width of the first column: 6 characters
# Width of other columns: 13 characters
# Reference pressure for z = 0: 100000.0 Pa
# IDX       HGT[km]     PRE[bar]       TEM[K]          H2O          NH3          H2S       H2O(L)       NH3(S)     NH4SH(S) CPX[J,K,mol] ENS[J,K,mol]
100         51.8995    0.0568749       104.89  4.89346e-12     0.013533  1.73184e-15            0            0            0      29.1006      254.963
99          48.8995    0.0681009       104.89  4.89346e-12     0.013533  1.73184e-15            0            0            0      29.1006      253.465
98          45.8995    0.0815428       104.89  4.89346e-12     0.013533  1.73184e-15            0            0            0      29.1006      251.968
97          42.8995    0.0976378       104.89  4.89346e-12     0.013533  1.73184e-15            0            0            0      29.1006       250.47
96          39.8995      0.11691       104.89  4.89346e-12     0.013533  1.73184e-15            0            0            0      29.1006      248.972
95          36.8995     0.139985       104.89  4.89346e-12     0.013533  1.73184e-15            0            0            0      29.1006      247.474
94          33.8995     0.167616       104.89  4.89346e-12     0.013533  1.73184e-15            0            0            0      29.1006      245.977
93          30.8995     0.239271      110.289  7.48412e-11    0.0693843  3.72914e-14            0            0            0      29.1006      244.478
92          27.8995     0.282865      115.687  8.79285e-10     0.301987  6.00128e-13            0            0            0      29.1006      244.477
91          24.8995     0.331855      121.086  8.22396e-09      1.14106   7.5062e-12            0            0            0      29.1006      244.476
90          21.8995     0.386624      126.484  6.30723e-08      3.81311  7.53774e-11            0            0            0      29.1006      244.476
89          18.8995     0.447564      131.883  4.06574e-07      11.4454  6.24462e-10            0            0            0      29.1006      244.476
88          15.8995     0.515081      137.282   2.2493e-06      31.2628  4.36696e-09            0            0            0      29.1006      244.477
87          12.8995     0.589596      142.683  1.08714e-05      78.5784  2.62884e-08            0            0            0      29.1006       244.48
86          9.89946     0.671558      148.086   4.6616e-05      183.492  1.38555e-07            0            0            0      29.1006      244.488
85          6.89946     0.761433      153.494  0.000179685      310.939  8.37358e-07            0            0            0      29.1006      244.496
84          3.89946     0.859633      158.905  0.000629211      310.939  7.26673e-06            0            0            0      29.1006      244.496
83          0.89946     0.966561      164.317   0.00201965      310.939  5.42689e-05            0            0            0      29.1006      244.495
82         -2.10054      1.08267      169.728    0.0059928      310.939  0.000353911            0            0            0      29.1006      244.495
81         -5.10054      1.20841      175.139    0.0165606      310.941   0.00204137            0            0            0      29.1006      244.495
80         -8.10054      1.34424       180.55    0.0428987       310.95    0.0105319            0            0            0      29.1006      244.495
79         -11.1005      1.49065      185.961      0.10477      310.988    0.0490831            0            0            0      29.1006      244.494
78         -14.1005      1.64811      191.372     0.242471      311.147     0.208394            0            0            0      29.1006      244.494
77         -17.1005      1.81712      196.783     0.534178       311.75     0.811537            0            0            0      29.1006      244.494
76         -20.1005      1.99816      202.195      1.12481      313.846      2.90935            0            0            0      29.1006      244.494
75         -23.1005      2.19176      207.607      2.27207      320.503      9.57086            0            0            0      29.1006      244.495
74         -26.1005      2.39842      213.019      4.41696      320.961        10.03            0            0            0      29.1006      244.495
73         -29.1005      2.61863      218.432      8.28754       320.96        10.03            0            0            0      29.1006      244.496
72         -32.1005      2.85293      223.844      15.0479      320.958      10.0299            0            0            0      29.1006      244.496
71         -35.1005      3.10185      229.257      26.5039      320.954      10.0298            0            0            0      29.1006      244.497
70         -38.1005      3.36594      234.671      45.3815      320.948      10.0296            0            0            0      29.1006      244.498
69         -41.1005      3.64576      240.086       75.691      320.939      10.0293            0            0            0      29.1006      244.501
68         -44.1005      3.94191      245.502      123.197      320.923      10.0289            0            0            0      29.1006      244.504
67         -47.1005      4.25499      250.921      196.009        320.9      10.0281            0            0            0      29.1006      244.509
66         -50.1005      4.58568      256.343      305.319      320.865       10.027            0            0            0      29.1006      244.517
65         -53.1005      4.93469       261.77      466.303      320.813      10.0254            0            0            0      29.1006      244.527
64         -56.1005      5.30283      267.206      699.232      320.738      10.0231            0            0            0      29.1006      244.541
63         -59.1005      5.69103      272.652      1030.83      320.632      10.0198            0            0            0      29.1006       244.56
62         -62.1005      6.10025      278.114      1427.12      320.505      10.0158            0            0            0      29.1006      244.582
61         -65.1005      6.53156      283.593      1937.77      320.341      10.0107            0            0            0      29.1006      244.609
60         -68.1005      6.98624      289.095      2595.87       320.13      10.0041            0            0            0      29.1006      244.642
59         -71.1005      7.46499       294.62         3000          320           10            0            0            0      29.1006      244.662
58         -74.1005      7.96748      300.154         3000          320           10            0            0            0      29.1006      244.662
57         -77.1005      8.49367      305.689         3000          320           10            0            0            0      29.1006      244.662
56         -80.1005      9.04422      311.223         3000          320           10            0            0            0      29.1006      244.661
55         -83.1005       9.6198      316.757         3000          320           10            0            0            0      29.1006      244.661
54         -86.1005      10.2211      322.291         3000          320           10            0            0            0      29.1006      244.661
53         -89.1005      10.8487      327.825         3000          320           10            0            0            0      29.1006      244.661
52         -92.1005      11.5035       333.36         3000          320           10            0            0            0      29.1006      244.661
51         -95.1005      12.1859      338.894         3000          320           10            0            0            0      29.1006      244.661
50         -98.1005      12.8968      344.428         3000          320           10            0            0            0      29.1006      244.661
49         -101.101      13.6369      349.962         3000          320           10            0            0            0      29.1006      244.661
48         -104.101      14.4067      355.496         3000          320           10            0            0            0      29.1006      244.661
47         -107.101      15.2072      361.031         3000          320           10            0            0            0      29.1006      244.661
46         -110.101      16.0389      366.565         3000          320           10            0            0            0      29.1006      244.661
45         -113.101      16.9026      372.099         3000          320           10            0            0            0      29.1006      244.661
44         -116.101       17.799      377.633         3000          320           10            0            0            0      29.1006      244.661
43         -119.101      18.7289      383.167         3000          320           10            0            0            0      29.1006      244.661
42         -122.101       19.693      388.702         3000          320           10            0            0            0      29.1006      244.661
41         -125.101       20.692      394.236         3000          320           10            0            0            0      29.1006      244.661
40         -128.101      21.7266       399.77         3000          320           10            0            0            0      29.1006      244.661
39         -131.101      22.7978      405.304         3000          320           10            0            0            0      29.1006      244.661
38         -134.101      23.9061      410.839         3000          320           10            0            0            0      29.1006      244.661
37         -137.101      25.0524      416.373         3000          320           10            0            0            0      29.1006      244.661
36         -140.101      26.2374      421.907         3000          320           10            0            0            0      29.1006      244.661
35         -143.101      27.4619      427.441         3000          320           10            0            0            0      29.1006      244.661
34         -146.101      28.7267      432.975         3000          320           10            0            0            0      29.1006      244.661
33         -149.101      30.0326       438.51         3000          320           10            0            0            0      29.1006      244.661
32         -152.101      31.3803      444.044         3000          320           10            0            0            0      29.1006      244.661
31         -155.101      32.7707      449.578         3000          320           10            0            0            0      29.1006      244.661
30         -158.101      34.2045      455.112         3000          320           10            0            0            0      29.1006      244.661
29         -161.101      35.6826      460.646         3000          320           10            0            0            0      29.1006      244.661
28         -164.101      37.2058      466.181         3000          320           10            0            0            0      29.1006      244.661
27         -167.101      38.7748      471.715         3000          320           10            0            0            0      29.1006      244.661
26         -170.101      40.3906      477.249         3000          320           10            0            0            0      29.1006      244.661
25         -173.101      42.0538      482.783         3000          320           10            0            0            0      29.1006       244.66
24         -176.101      43.7655      488.317         3000          320           10            0            0            0      29.1006       244.66
23         -179.101      45.5263      493.852         3000          320           10            0            0            0      29.1006       244.66
22         -182.101      47.3372      499.386         3000          320           10            0            0            0      29.1006       244.66
21         -185.101      49.1989       504.92         3000          320           10            0            0            0      29.1006       244.66
20         -188.101      51.1123      510.454         3000          320           10            0            0            0      29.1006       244.66
19         -191.101      53.0784      515.988         3000          320           10            0            0            0      29.1006       244.66
18         -194.101      55.0973      521.523         3000          320           10            0            0            0      29.1006       244.66
17         -197.101      57.1705      527.057         3000          320           10            0            0            0      29.1006      244.661
16         -200.101      59.2988      532.591         3000          320           10            0            0            0      29.1006      244.661
15         -203.101      61.4831      538.125         3000          320           10            0            0            0      29.1006      244.661
14         -206.101      63.7243      543.659         3000          320           10            0            0            0      29.1006      244.661
13         -209.101      66.0233      549.194         3000          320           10            0            0            0      29.1006      244.661
12         -212.101      68.3809      554.728         3000          320           10            0            0            0      29.1006      244.661
11         -215.101      70.7981      560.262         3000          320           10            0            0            0      29.1006      244.661
10         -218.101      73.2756      565.796         3000          320           10            0            0            0      29.1006      244.661
9          -221.101      75.8145       571.33         3000          320           10            0            0            0      29.1006      244.661
8          -224.101      78.4157      576.865         3000          320           10            0            0            0      29.1006      244.661
7          -227.101      81.0799      582.399         3000          320           10            0            0            0      29.1006      244.661
6          -230.101      83.8082      587.933         3000          320           10            0            0            0      29.1006      244.661
5          -233.101      86.6015      593.467         3000          320           10            0            0            0      29.1006      244.661
4          -236.101      89.4606      599.001         3000          320           10            0            0            0      29.1006      244.661
3          -239.101      92.3866      604.536         3000          320           10            0            0            0      29.1006      244.661
2          -242.101      95.3802       610.07         3000          320           10            0            0            0      29.1006      244.661
1          -245.101      98.4426      615.604         3000          320           10            0            0            0      29.1006      244.661
