# File generated by write_profile.py
# Date generated: 2025-10-29 09:43:28.537157
# Speices units: mole fraction [ppmv]
# Width of the first column: 6 characters
# Width of other columns: 13 characters
# Reference pressure for z = 0: 100000.0 Pa
# IDX       HGT[km]     PRE[bar]       TEM[K]          H2O          NH3          H2S       H2O(L)       NH3(S)     NH4SH(S) CPX[J,K,mol] ENS[J,K,mol]
100         53.8852    0.0511775      106.691  1.26624e-11    0.0240311  5.03948e-15            0            0            0      29.1006      256.336
99          50.8852     0.061093      106.691  1.26624e-11    0.0240311  5.03948e-15            0            0            0      29.1006      254.864
98          47.8852    0.0729296      106.691  1.26624e-11    0.0240311  5.03948e-15            0            0            0      29.1006      253.391
97          44.8852    0.0870596      106.691  1.26624e-11    0.0240311  5.03948e-15            0            0            0      29.1006      251.919
96          41.8852     0.103927      106.691  1.26624e-11    0.0240311  5.03948e-15            0            0            0      29.1006      250.446
95          38.8852     0.124063      106.691  1.26624e-11    0.0240311  5.03948e-15            0            0            0      29.1006      248.974
94          35.8852       0.1481      106.691  1.26624e-11    0.0240311  5.03948e-15            0            0            0      29.1006      247.501
93          32.8852     0.176793      106.691  1.26624e-11    0.0240311  5.03948e-15            0            0            0      29.1006      246.029
92          29.8852     0.250848      112.089  1.76596e-10      0.11635  9.80088e-14            0            0            0      29.1006      244.556
91          26.8852     0.295745      117.487  1.91604e-09     0.482019  1.44446e-12            0            0            0      29.1006      244.556
90          23.8852     0.346121      122.886  1.67233e-08      1.74498  1.67365e-11            0            0            0      29.1006      244.556
89          20.8852     0.402389      128.285  1.20725e-07      5.61698  1.57179e-10            0            0            0      29.1006      244.555
88          17.8852      0.46503      133.684  7.37763e-07      16.3114   1.2274e-09            0            0            0      29.1006      244.553
87          14.8852     0.534673      139.084   3.8918e-06       43.252  8.14285e-09            0            0            0      29.1006      244.547
86          11.8852     0.612253      144.487  1.80148e-05      105.778  4.67349e-08            0            0            0      29.1006      244.535
85          8.88522     0.699318      149.895  7.41899e-05      240.553  2.35633e-07            0            0            0      29.1006      244.508
84          5.88522     0.793475      155.306  0.000276149      310.939  1.75664e-06            0            0            0      29.1006      244.495
83          2.88522     0.894523      160.717  0.000938316      310.939  1.44727e-05            0            0            0      29.1006      244.495
82        -0.114785      1.00444      166.128   0.00293113      310.939  0.000103139            0            0            0      29.1006      244.495
81         -3.11478      1.12369      171.539   0.00848627       310.94  0.000644705            0            0            0      29.1006      244.495
80         -6.11478      1.25272       176.95    0.0229339      310.943   0.00357837            0            0            0      29.1006      244.495
79         -9.11478        1.392      182.362    0.0582147      310.957    0.0178264            0            0            0      29.1006      244.495
78         -12.1148      1.54202      187.773     0.139565      311.019    0.0804596            0            0            0      29.1006      244.495
77         -15.1148      1.70325      193.184     0.317569       311.27     0.331668            0            0            0      29.1006      244.495
76         -18.1148      1.87622      198.595     0.688823      312.194       1.2561            0            0            0      29.1006      244.495
75         -21.1148      2.06154      204.007      1.42978      315.315      4.37876            0            0            0      29.1006      244.495
74         -24.1148      2.25978      209.419      2.85004      320.962      10.0301            0            0            0      29.1006      244.494
73         -27.1148      2.47096      214.832      5.47346      320.961        10.03            0            0            0      29.1006      244.494
72         -30.1148      2.69593      220.245      10.1546       320.96        10.03            0            0            0      29.1006      244.494
71         -33.1148      2.93528      225.658      18.2456      320.957      10.0299            0            0            0      29.1006      244.494
70         -36.1148      3.18964      231.071      31.8237      320.953      10.0298            0            0            0      29.1006      244.495
69         -39.1148      3.45967      236.486      53.9943      320.946      10.0295            0            0            0      29.1006      244.495
68         -42.1148      3.74617      241.902      89.2849      320.934      10.0292            0            0            0      29.1006      244.495
67         -45.1148      4.05004       247.32      144.144      320.917      10.0286            0            0            0      29.1006      244.495
66         -48.1148      4.37234      252.741      227.559       320.89      10.0278            0            0            0      29.1006      244.496
65         -51.1148      4.71442      258.168      351.811       320.85      10.0266            0            0            0      29.1006      244.496
64         -54.1148      5.07793      263.602      533.368      320.792      10.0247            0            0            0      29.1006      244.496
63         -57.1148      5.46499      269.047       793.95      320.708      10.0221            0            0            0      29.1006      244.496
62         -60.1148      5.87766      274.506      1147.05      320.595      10.0186            0            0            0      29.1006      244.496
61         -63.1148      6.31656      279.982       1568.7      320.459      10.0144            0            0            0      29.1006      244.495
60         -66.1148      6.78586       285.48      2113.74      320.284      10.0089            0            0            0      29.1006      244.494
59         -69.1148      7.28912      291.006      2808.88      320.061      10.0019            0            0            0      29.1006      244.491
58         -72.1148      7.79527       296.54         3000          320           10            0            0            0      29.1006      244.491
57         -75.1148      8.31644      302.075         3000          320           10            0            0            0      29.1006      244.491
56         -78.1148      8.86203      307.609         3000          320           10            0            0            0      29.1006      244.491
55         -81.1148      9.43272      313.143         3000          320           10            0            0            0      29.1006      244.491
54         -84.1148      10.0292      318.677         3000          320           10            0            0            0      29.1006      244.491
53         -87.1148      10.6521      324.211         3000          320           10            0            0            0      29.1006      244.491
52         -90.1148      11.3022      329.746         3000          320           10            0            0            0      29.1006      244.491
51         -93.1148      11.9802       335.28         3000          320           10            0            0            0      29.1006      244.491
50         -96.1148      12.6867      340.814         3000          320           10            0            0            0      29.1006      244.491
49         -99.1148      13.4225      346.348         3000          320           10            0            0            0      29.1006      244.491
48         -102.115      14.1883      351.882         3000          320           10            0            0            0      29.1006      244.491
47         -105.115      14.9847      357.417         3000          320           10            0            0            0      29.1006      244.491
46         -108.115      15.8127      362.951         3000          320           10            0            0            0      29.1006      244.491
45         -111.115      16.6727      368.485         3000          320           10            0            0            0      29.1006      244.491
44         -114.115      17.5657      374.019         3000          320           10            0            0            0      29.1006      244.491
43         -117.115      18.4924      379.554         3000          320           10            0            0            0      29.1006      244.491
42         -120.115      19.4534      385.088         3000          320           10            0            0            0      29.1006      244.491
41         -123.115      20.4496      390.622         3000          320           10            0            0            0      29.1006      244.491
40         -126.115      21.4817      396.156         3000          320           10            0            0            0      29.1006      244.491
39         -129.115      22.5505       401.69         3000          320           10            0            0            0      29.1006      244.491
38         -132.115      23.6568      407.225         3000          320           10            0            0            0      29.1006      244.491
37         -135.115      24.8013      412.759         3000          320           10            0            0            0      29.1006      244.491
36         -138.115      25.9848      418.293         3000          320           10            0            0            0      29.1006      244.491
35         -141.115      27.2081      423.827         3000          320           10            0            0            0      29.1006      244.491
34         -144.115       28.472      429.361         3000          320           10            0            0            0      29.1006      244.491
33         -147.115      29.7773      434.896         3000          320           10            0            0            0      29.1006      244.491
32         -150.115      31.1247       440.43         3000          320           10            0            0            0      29.1006      244.491
31         -153.115      32.5152      445.964         3000          320           10            0            0            0      29.1006      244.491
30         -156.115      33.9495      451.498         3000          320           10            0            0            0      29.1006      244.491
29         -159.115      35.4284      457.032         3000          320           10            0            0            0      29.1006      244.491
28         -162.115      36.9528      462.567         3000          320           10            0            0            0      29.1006      244.491
27         -165.115      38.5234      468.101         3000          320           10            0            0            0      29.1006      244.491
26         -168.115      40.1412      473.635         3000          320           10            0            0            0      29.1006      244.491
25         -171.115      41.8069      479.169         3000          320           10            0            0            0      29.1006      244.491
24         -174.115      43.5215      484.703         3000          320           10            0            0            0      29.1006      244.491
23         -177.115      45.2856      490.238         3000          320           10            0            0            0      29.1006      244.491
22         -180.115      47.1003      495.772         3000          320           10            0            0            0      29.1006      244.491
21         -183.115      48.9663      501.306         3000          320           10            0            0            0      29.1006      244.491
20         -186.115      50.8846       506.84         3000          320           10            0            0            0      29.1006      244.491
19         -189.115      52.8559      512.374         3000          320           10            0            0            0      29.1006      244.491
18         -192.115      54.8812      517.909         3000          320           10            0            0            0      29.1006      244.491
17         -195.115      56.9613      523.443         3000          320           10            0            0            0      29.1006      244.491
16         -198.115      59.0971      528.977         3000          320           10            0            0            0      29.1006      244.491
15         -201.115      61.2895      534.511         3000          320           10            0            0            0      29.1006      244.491
14         -204.115      63.5394      540.045         3000          320           10            0            0            0      29.1006      244.491
13         -207.115      65.8477       545.58         3000          320           10            0            0            0      29.1006      244.491
12         -210.115      68.2153      551.114         3000          320           10            0            0            0      29.1006      244.491
11         -213.115      70.6431      556.648         3000          320           10            0            0            0      29.1006      244.491
10         -216.115       73.132      562.182         3000          320           10            0            0            0      29.1006      244.491
9          -219.115      75.6829      567.716         3000          320           10            0            0            0      29.1006      244.491
8          -222.115      78.2967      573.251         3000          320           10            0            0            0      29.1006      244.491
7          -225.115      80.9743      578.785         3000          320           10            0            0            0      29.1006      244.491
6          -228.115      83.7168      584.319         3000          320           10            0            0            0      29.1006      244.491
5          -231.115      86.5249      589.853         3000          320           10            0            0            0      29.1006      244.491
4          -234.115      89.3997      595.387         3000          320           10            0            0            0      29.1006      244.491
3          -237.115      92.3421      600.922         3000          320           10            0            0            0      29.1006      244.491
2          -240.115       95.353      606.456         3000          320           10            0            0            0      29.1006      244.491
1          -243.115      98.4334       611.99         3000          320           10            0            0            0      29.1006      244.491
